371000_6464000.gif:[]
375000_6472000.gif:[]
375000_6475000.gif:[]
376000_6474000.gif:[]
376000_6479000.gif:[]
378000_6489000.gif:[]
379000_6476000.gif:[]
380000_6458000.gif:[]
382000_6430000.gif:[]
382000_6489000.gif:[]
383000_6421000.gif:[]
383000_6432000.gif:[]
384000_6462000.gif:[(135, 391), (350, 720), (154, 472), (450, 820), (94, 563), (99, 809), (124, 296), (138, 59), (278, 647), (79, 928), (531, 902), (19, 620), (174, 561), (408, 464), (128, 164), (583, 980), (648, 914), (123, 709), (49, 538), (145, 640), (109, 760), (15, 671)]
384000_6476000.gif:[]
389000_6447000.gif:[]
390000_6474000.gif:[(483, 401), (494, 537)]
391000_6476000.gif:[(404, 209), (487, 162), (352, 236), (795, 60)]
392000_6479000.gif:[]
392000_6483000.gif:[]
393000_6447000.gif:[]
393000_6462000.gif:[]
393000_6466000.gif:[(906, 395), (698, 912)]
394000_6483000.gif:[]
395000_6444000.gif:[]
395000_6450000.gif:[(165, 940), (356, 369)]
396000_6469000.gif:[(60, 221), (986, 140)]
396000_6472000.gif:[(711, 815), (725, 609)]
397000_6536000.gif:[]
399000_6485000.gif:[]
400000_6450000.gif:[]
400000_6464000.gif:[]
400000_6534000.gif:[]
401000_6465000.gif:[(764, 297), (936, 538), (902, 498), (588, 826), (275, 272), (710, 548), (153, 516), (616, 710), (305, 149), (161, 186), (772, 164), (58, 209), (753, 587), (694, 503), (678, 361)]
402000_6455000.gif:[(812, 979)]
403000_6459000.gif:[]
403000_6461000.gif:[]
403000_6494000.gif:[]
404000_6453000.gif:[]
404000_6455000.gif:[(825, 954), (348, 904), (799, 878), (904, 687), (730, 406), (695, 393), (437, 721), (754, 749), (449, 863), (418, 463), (571, 818), (854, 574), (835, 194), (911, 65), (764, 265), (868, 149), (655, 99), (463, 425), (874, 614)]
404000_6483000.gif:[]
405000_6470000.gif:[]
405000_6511000.gif:[]
406000_6447000.gif:[]
406000_6538000.gif:[]
407000_6479000.gif:[]
409000_6445000.gif:[]
409000_6448000.gif:[]
409000_6465000.gif:[]
409000_6528000.gif:[(536, 638), (982, 531), (961, 489), (354, 719), (347, 673)]
410000_6447000.gif:[]
410000_6451000.gif:[]
411000_6462000.gif:[]
411000_6486000.gif:[]
412000_6470000.gif:[(661, 922), (683, 978), (567, 718), (487, 989), (441, 476), (353, 306), (403, 988), (422, 441), (468, 527), (981, 898)]
412000_6476000.gif:[(559, 421), (609, 433), (514, 296)]
412000_6511000.gif:[]
412000_6519000.gif:[(418, 664), (413, 603), (242, 144)]
412000_6536000.gif:[(382, 359), (560, 384), (492, 573), (488, 893), (356, 224)]
413000_6496000.gif:[(402, 648), (544, 791), (594, 636)]
414000_6518000.gif:[(530, 991), (452, 534), (377, 44)]
415000_6471000.gif:[]
415000_6528000.gif:[]
415000_6541000.gif:[(37, 970), (805, 967)]
416000_6474000.gif:[]
416000_6485000.gif:[(885, 862)]
416000_6509000.gif:[(836, 274), (902, 348), (799, 197)]
416000_6554000.gif:[]
417000_6483000.gif:[]
417000_6503000.gif:[]
417000_6536000.gif:[]
418000_6456000.gif:[]
418000_6495000.gif:[(985, 610), (73, 808), (771, 328), (888, 535), (423, 725), (623, 197), (466, 682), (317, 794)]
418000_6500000.gif:[]
418000_6531000.gif:[(955, 159)]
421000_6452000.gif:[]
421000_6464000.gif:[]
421000_6484000.gif:[]
421000_6528000.gif:[(835, 987), (128, 720)]
422000_6550000.gif:[]
423000_6543000.gif:[]
425000_6460000.gif:[(990, 9)]
425000_6481000.gif:[(761, 989)]
425000_6498000.gif:[]
425000_6547000.gif:[]
426000_6482000.gif:[(186, 465), (658, 528)]
427000_6455000.gif:[]
427000_6494000.gif:[]
427000_6515000.gif:[]
427000_6537000.gif:[(933, 49)]
428000_6446000.gif:[]
428000_6535000.gif:[(889, 161)]
428000_6538000.gif:[(426, 112), (572, 138), (534, 8), (347, 315), (614, 287), (646, 400), (701, 605)]
429000_6451000.gif:[]
430000_6488000.gif:[]
430000_6498000.gif:[]
431000_6553000.gif:[]
432000_6457000.gif:[]
432000_6465000.gif:[]
432000_6478000.gif:[]
433000_6489000.gif:[(241, 937), (50, 209), (17, 82)]
433000_6540000.gif:[(561, 905), (573, 745), (498, 578), (397, 944), (312, 811), (569, 243), (434, 104)]
434000_6449000.gif:[]
435000_6550000.gif:[]
436000_6476000.gif:[]
436000_6499000.gif:[]
437000_6531000.gif:[(615, 804)]
437000_6544000.gif:[]
438000_6468000.gif:[(86, 141), (213, 163), (547, 221), (493, 339)]
438000_6482000.gif:[]
438000_6527000.gif:[(825, 827), (872, 442)]
438000_6552000.gif:[]
440000_6538000.gif:[]
442000_6485000.gif:[(594, 51)]
442000_6499000.gif:[(592, 525)]
442000_6532000.gif:[]
443000_6492000.gif:[(681, 138), (747, 244)]
444000_6470000.gif:[]
444000_6517000.gif:[]
445000_6490000.gif:[(309, 634), (840, 804), (757, 762)]
446000_6510000.gif:[]
446000_6542000.gif:[]
447000_6471000.gif:[]
447000_6517000.gif:[]
448000_6498000.gif:[]
448000_6541000.gif:[]
449000_6478000.gif:[(72, 200)]
449000_6484000.gif:[(242, 37), (248, 110), (809, 44)]
449000_6543000.gif:[(367, 790), (375, 832)]
450000_6482000.gif:[(589, 515)]
450000_6541000.gif:[]
451000_6407000.gif:[]
451000_6480000.gif:[(615, 350)]
451000_6489000.gif:[]
452000_6405000.gif:[]
454000_6408000.gif:[]
454000_6484000.gif:[]
454000_6498000.gif:[(413, 159), (633, 138), (995, 301), (947, 308), (913, 293)]
454000_6523000.gif:[]
454000_6541000.gif:[(23, 49), (741, 172)]
455000_6533000.gif:[]
456000_6500000.gif:[(461, 751), (605, 687)]
456000_6539000.gif:[(245, 166), (488, 538), (333, 135), (585, 883), (714, 959), (619, 988), (552, 763), (774, 944), (751, 827), (483, 476), (581, 853), (397, 238), (457, 600), (517, 174), (407, 528), (418, 622), (670, 973), (714, 892), (494, 586)]
456000_6547000.gif:[]
457000_6531000.gif:[]
458000_6549000.gif:[]
461000_6489000.gif:[(633, 136), (605, 258), (643, 566), (726, 621), (898, 750), (420, 164), (759, 645)]
462000_6526000.gif:[]
462000_6535000.gif:[]
462000_6541000.gif:[(655, 342)]
463000_6489000.gif:[]
463000_6490000.gif:[]
463000_6510000.gif:[]
463000_6516000.gif:[]
463000_6525000.gif:[]
463000_6534000.gif:[]
464000_6484000.gif:[]
464000_6521000.gif:[]
465000_6486000.gif:[]
466000_6499000.gif:[]
466000_6528000.gif:[]
468000_6504000.gif:[]
469000_6571000.gif:[]
470000_6509000.gif:[]
470000_6527000.gif:[(979, 953), (89, 674), (508, 778), (700, 839), (239, 705)]
471000_6528000.gif:[]
473000_6537000.gif:[]
473000_6540000.gif:[(215, 426), (137, 332), (234, 466)]
473000_6548000.gif:[(750, 331), (754, 364), (250, 25)]
473000_6559000.gif:[(646, 102), (428, 320), (928, 400), (747, 345), (18, 811), (33, 774)]
474000_6500000.gif:[]
474000_6515000.gif:[(721, 190), (162, 135), (184, 218), (220, 262)]
474000_6526000.gif:[(572, 325), (274, 839)]
476000_6563000.gif:[]
477000_6491000.gif:[(184, 721)]
477000_6514000.gif:[]
477000_6517000.gif:[(300, 293), (354, 466), (330, 399), (220, 173)]
477000_6528000.gif:[(173, 823), (673, 305), (116, 905)]
478000_6564000.gif:[]
479000_6477000.gif:[]
480000_6499000.gif:[(374, 513), (406, 326)]
481000_6524000.gif:[]
481000_6535000.gif:[(45, 658), (669, 215), (78, 11), (11, 100), (15, 691), (635, 221), (266, 353), (917, 166), (678, 172), (558, 960)]
481000_6564000.gif:[(772, 108), (714, 222), (398, 618), (825, 79), (710, 327), (755, 45), (553, 465), (342, 647), (678, 347), (954, 9), (713, 148), (865, 55)]
482000_6569000.gif:[]
483000_6526000.gif:[(238, 400), (389, 671), (499, 749)]
483000_6555000.gif:[]
484000_6477000.gif:[(4, 624), (351, 523), (473, 667), (324, 508), (329, 78), (805, 279), (466, 705), (612, 201), (127, 974), (595, 320), (501, 694)]
484000_6500000.gif:[]
485000_6492000.gif:[(266, 653), (932, 845)]
485000_6524000.gif:[(815, 329), (295, 8), (370, 144)]
485000_6555000.gif:[]
485000_6559000.gif:[]
485000_6573000.gif:[]
486000_6474000.gif:[(64, 182), (895, 705), (616, 123), (584, 51), (687, 274), (70, 395)]
488000_6489000.gif:[]
488000_6520000.gif:[(759, 422), (713, 748), (95, 80), (935, 294), (552, 693), (64, 967), (417, 325), (128, 923)]
488000_6569000.gif:[]
489000_6470000.gif:[]
489000_6513000.gif:[]
489000_6574000.gif:[]
490000_6521000.gif:[]
490000_6557000.gif:[]
491000_6482000.gif:[]
491000_6555000.gif:[]
492000_6543000.gif:[]
492000_6556000.gif:[]
492000_6558000.gif:[]
493000_6517000.gif:[]
493000_6570000.gif:[(121, 931)]
495000_6460000.gif:[]
495000_6465000.gif:[]
495000_6480000.gif:[]
495000_6497000.gif:[]
497000_6572000.gif:[]
498000_6491000.gif:[(775, 383), (840, 287)]
498000_6493000.gif:[(614, 412), (783, 765), (850, 711), (769, 734)]
498000_6550000.gif:[(881, 993), (808, 764)]
499000_6438000.gif:[]
499000_6446000.gif:[]
499000_6482000.gif:[]
499000_6506000.gif:[(752, 936)]
499000_6582000.gif:[]
500000_6464000.gif:[(987, 34)]
500000_6481000.gif:[]
500000_6575000.gif:[]
500000_6580000.gif:[]
501000_6447000.gif:[]
502000_6448000.gif:[]
502000_6558000.gif:[]
503000_6470000.gif:[(339, 778), (721, 845)]
503000_6576000.gif:[]
504000_6446000.gif:[]
504000_6490000.gif:[]
505000_6551000.gif:[]
505000_6559000.gif:[(811, 592), (458, 111), (671, 254)]
506000_6550000.gif:[(522, 992), (432, 283), (433, 327), (360, 229)]
506000_6563000.gif:[]
506000_6569000.gif:[]
507000_6450000.gif:[]
507000_6561000.gif:[(962, 33), (969, 84)]
508000_6452000.gif:[]
508000_6561000.gif:[]
509000_6502000.gif:[]
509000_6504000.gif:[]
509000_6541000.gif:[]
509000_6577000.gif:[]
511000_6510000.gif:[(68, 222)]
511000_6522000.gif:[]
511000_6547000.gif:[(274, 184), (149, 825), (321, 106)]
512000_6482000.gif:[]
512000_6587000.gif:[]
513000_6449000.gif:[]
513000_6510000.gif:[(319, 378), (346, 967), (325, 443), (316, 296)]
513000_6584000.gif:[]
514000_6512000.gif:[(988, 271), (984, 423), (810, 269), (796, 713), (994, 112)]
514000_6560000.gif:[(231, 554), (945, 113), (600, 843), (886, 243), (754, 522), (231, 297), (223, 30), (231, 481)]
514000_6570000.gif:[(948, 355)]
515000_6547000.gif:[]
516000_6482000.gif:[(856, 719)]
516000_6492000.gif:[]
516000_6521000.gif:[]
516000_6524000.gif:[]
517000_6513000.gif:[(76, 928), (777, 377), (583, 405)]
517000_6555000.gif:[(401, 950)]
518000_6585000.gif:[(328, 312), (32, 437), (287, 415), (862, 446), (662, 874), (397, 591), (391, 153), (778, 343), (373, 124), (169, 425), (8, 95), (406, 187), (377, 195), (6, 182)]
519000_6520000.gif:[(780, 526)]
520000_6546000.gif:[]
520000_6569000.gif:[(971, 434), (807, 695)]
520000_6578000.gif:[(787, 657), (260, 171), (881, 729), (179, 63), (317, 7)]
521000_6515000.gif:[]
522000_6478000.gif:[(781, 166), (779, 614), (36, 22), (884, 827)]
522000_6492000.gif:[]
522000_6514000.gif:[]
522000_6551000.gif:[(217, 922), (8, 808)]
522000_6578000.gif:[(175, 819), (287, 926), (478, 917), (98, 903)]
523000_6505000.gif:[(616, 463)]
523000_6525000.gif:[(780, 287), (762, 43), (690, 35), (417, 590)]
523000_6531000.gif:[(882, 824), (130, 295), (378, 408), (321, 378), (602, 71), (961, 893), (70, 598), (559, 607), (602, 566), (772, 724), (711, 816)]
523000_6561000.gif:[(858, 879), (61, 14), (51, 770), (604, 254), (703, 683), (607, 371)]
523000_6566000.gif:[]
524000_6474000.gif:[(334, 265), (333, 909), (334, 372), (336, 31)]
524000_6482000.gif:[]
524000_6488000.gif:[]
524000_6494000.gif:[]
524000_6505000.gif:[]
524000_6524000.gif:[(706, 641), (437, 460), (982, 938), (738, 684), (655, 464)]
524000_6563000.gif:[(261, 875), (646, 130), (379, 649), (141, 839), (711, 126)]
524000_6587000.gif:[(324, 557), (565, 765), (243, 263), (198, 848), (452, 748), (275, 720), (815, 620), (378, 935), (89, 516), (884, 702), (591, 850), (360, 178), (536, 72), (259, 928), (635, 992), (283, 224), (584, 720), (458, 120), (815, 834), (6, 877)]
525000_6433000.gif:[]
525000_6478000.gif:[]
526000_6410000.gif:[]
526000_6489000.gif:[]
526000_6503000.gif:[(207, 890), (432, 801), (331, 697)]
526000_6513000.gif:[(650, 812), (975, 744)]
527000_6415000.gif:[]
527000_6480000.gif:[]
527000_6511000.gif:[]
527000_6560000.gif:[(268, 131), (413, 42), (212, 7), (795, 256), (43, 159), (942, 381)]
528000_6415000.gif:[(176, 816), (19, 721)]
528000_6449000.gif:[(732, 659), (984, 936), (855, 630), (957, 609), (512, 717), (917, 246)]
528000_6450000.gif:[(745, 490), (619, 40), (649, 145), (786, 639), (703, 339), (675, 236), (816, 746), (429, 97), (196, 407), (576, 340), (586, 152)]
528000_6518000.gif:[(394, 780)]
528000_6573000.gif:[(819, 55), (496, 555), (433, 884), (428, 418), (403, 371), (661, 675), (913, 7), (510, 696), (63, 97), (509, 646), (691, 668)]
529000_6445000.gif:[(45, 954), (366, 113), (623, 839)]
529000_6469000.gif:[]
529000_6522000.gif:[(471, 63)]
529000_6573000.gif:[(961, 659), (884, 518)]
530000_6480000.gif:[(965, 377), (132, 734)]
530000_6516000.gif:[(610, 377), (366, 528), (8, 564), (427, 866), (165, 551), (753, 970), (503, 412), (101, 557), (679, 353)]
530000_6580000.gif:[(161, 863), (105, 405), (240, 905), (160, 945), (444, 544), (202, 449), (389, 719), (100, 849)]
531000_6430000.gif:[(953, 49)]
531000_6479000.gif:[(243, 397), (604, 18), (564, 49)]
531000_6481000.gif:[(585, 245), (75, 99), (84, 287)]
531000_6492000.gif:[]
531000_6541000.gif:[(662, 831), (250, 446)]
531000_6578000.gif:[(600, 754), (397, 533), (246, 439), (340, 499), (83, 340), (692, 496), (624, 676), (29, 306), (652, 605), (950, 477), (690, 329), (960, 785), (137, 371), (212, 572), (475, 581), (560, 859)]
532000_6501000.gif:[(281, 961), (833, 241), (193, 915), (946, 594), (62, 852), (417, 788), (514, 881), (941, 44), (334, 806), (774, 860)]
532000_6555000.gif:[]
532000_6565000.gif:[(616, 516), (766, 256), (831, 75)]
532000_6579000.gif:[(874, 210), (17, 399), (124, 600), (646, 370), (816, 502), (438, 97), (168, 815), (752, 237), (643, 470), (647, 272), (793, 219), (833, 408), (545, 141)]
532000_6606000.gif:[]
533000_6429000.gif:[(386, 821)]
534000_6426000.gif:[(123, 994)]
534000_6591000.gif:[]
535000_6466000.gif:[(687, 898), (629, 904), (85, 205)]
535000_6467000.gif:[(985, 222), (810, 859), (883, 892)]
535000_6538000.gif:[]
535000_6563000.gif:[(946, 648), (781, 942), (809, 750), (913, 739), (833, 685), (858, 619), (844, 974), (941, 504), (964, 759), (898, 778)]
536000_6437000.gif:[(636, 273)]
536000_6496000.gif:[(106, 17), (305, 720)]
536000_6517000.gif:[(906, 603)]
536000_6559000.gif:[(967, 221), (777, 8), (916, 232), (842, 89), (882, 43), (863, 249), (350, 534)]
537000_6467000.gif:[]
537000_6504000.gif:[]
537000_6511000.gif:[]
537000_6546000.gif:[]
537000_6587000.gif:[(198, 699), (452, 442), (714, 118), (641, 725), (296, 578), (802, 909), (485, 492), (961, 635), (533, 985), (345, 906), (589, 656), (505, 532), (751, 856), (381, 770), (350, 597), (242, 550), (530, 167), (442, 643), (889, 580), (537, 579), (664, 245), (801, 93), (475, 693), (432, 739), (789, 219), (569, 625), (954, 428), (891, 43)]
538000_6468000.gif:[(848, 521), (736, 357), (357, 18), (967, 158), (822, 478), (392, 371), (726, 214), (684, 129), (613, 219), (954, 749), (950, 73), (553, 712), (941, 711), (620, 7), (941, 32), (720, 331), (873, 181)]
538000_6493000.gif:[(424, 233), (779, 577), (348, 27), (606, 301), (359, 80)]
538000_6569000.gif:[(405, 326), (477, 368), (376, 105), (584, 286), (448, 249), (325, 292), (307, 96), (270, 168), (936, 434), (594, 429), (21, 86), (169, 27), (647, 338), (93, 201), (69, 46), (540, 404), (110, 80), (62, 436)]
540000_6423000.gif:[]
540000_6467000.gif:[(571, 989), (542, 856), (954, 854)]
540000_6484000.gif:[(819, 128), (514, 248), (830, 170)]
540000_6486000.gif:[(45, 345), (89, 643)]
541000_6431000.gif:[]
541000_6464000.gif:[(351, 359), (480, 784)]
541000_6542000.gif:[(344, 23)]
541000_6561000.gif:[(929, 511), (760, 230), (853, 181), (751, 602)]
542000_6486000.gif:[(208, 276), (630, 919), (146, 229), (588, 793)]
544000_6428000.gif:[]
544000_6443000.gif:[(983, 516), (58, 691)]
545000_6573000.gif:[(424, 69)]
545000_6596000.gif:[(957, 391), (895, 339), (910, 446)]
545000_6603000.gif:[(577, 925), (304, 830), (226, 961), (116, 779), (650, 983), (8, 451), (414, 830), (130, 814), (179, 903), (73, 724), (33, 660), (167, 742), (17, 570)]
546000_6436000.gif:[(716, 557), (733, 165), (740, 7), (810, 828), (560, 952), (899, 177)]
546000_6519000.gif:[(408, 11), (446, 118)]
546000_6526000.gif:[]
546000_6555000.gif:[(287, 834), (471, 807)]
546000_6581000.gif:[(350, 488), (259, 733), (898, 594), (193, 871), (376, 714), (112, 147), (399, 937), (115, 973), (961, 175), (967, 409), (349, 995), (74, 100), (355, 532), (376, 791), (170, 218), (330, 852), (926, 470), (344, 950), (209, 267)]
546000_6594000.gif:[]
546000_6600000.gif:[(378, 80), (704, 5)]
547000_6440000.gif:[(313, 460)]
547000_6450000.gif:[(491, 6)]
548000_6530000.gif:[(406, 165), (585, 37), (214, 956)]
548000_6539000.gif:[(909, 5), (366, 271), (135, 462), (931, 147), (27, 342), (913, 35), (167, 991), (736, 24), (74, 698), (283, 963), (894, 349), (613, 83), (49, 214), (73, 145), (268, 362), (194, 659), (425, 212), (406, 598), (30, 82), (144, 650)]
548000_6582000.gif:[(184, 868), (749, 572), (170, 810), (986, 903), (217, 614), (91, 889), (326, 671), (436, 711), (616, 763)]
549000_6536000.gif:[(983, 209), (196, 848), (529, 818), (452, 707), (550, 269), (431, 276), (239, 335), (641, 270)]
549000_6555000.gif:[(612, 232), (617, 177), (655, 246), (580, 117), (6, 888)]
549000_6579000.gif:[(325, 789)]
550000_6512000.gif:[]
550000_6604000.gif:[]
551000_6440000.gif:[]
551000_6452000.gif:[(940, 830)]
551000_6487000.gif:[(537, 532), (70, 9)]
551000_6520000.gif:[(441, 244), (317, 304)]
551000_6550000.gif:[(940, 72), (480, 257), (118, 950), (863, 992)]
552000_6448000.gif:[(944, 388), (826, 745), (239, 507), (889, 642)]
552000_6612000.gif:[]
554000_6453000.gif:[(825, 257), (829, 213)]
554000_6475000.gif:[]
554000_6482000.gif:[]
554000_6568000.gif:[(686, 239)]
554000_6579000.gif:[(789, 484), (828, 260), (618, 862), (735, 878), (829, 773), (898, 694), (635, 942), (878, 921), (406, 161), (695, 697)]
555000_6437000.gif:[]
555000_6451000.gif:[]
555000_6453000.gif:[]
555000_6458000.gif:[(948, 722)]
555000_6484000.gif:[(517, 176), (297, 610), (343, 609)]
555000_6526000.gif:[]
555000_6534000.gif:[]
555000_6544000.gif:[(521, 843)]
555000_6575000.gif:[(293, 65), (215, 797)]
557000_6449000.gif:[]
557000_6486000.gif:[]
557000_6516000.gif:[(795, 995)]
557000_6590000.gif:[(178, 94), (433, 119), (505, 624), (428, 82), (176, 138), (536, 819)]
557000_6619000.gif:[]
558000_6468000.gif:[]
558000_6485000.gif:[(771, 505), (643, 511)]
558000_6576000.gif:[]
558000_6582000.gif:[(232, 887), (841, 666)]
559000_6442000.gif:[(551, 202), (430, 967), (469, 622), (532, 315)]
559000_6481000.gif:[]
559000_6579000.gif:[(576, 331)]
560000_6455000.gif:[(511, 709)]
560000_6543000.gif:[(991, 333)]
560000_6551000.gif:[]
561000_6448000.gif:[(373, 833), (202, 90), (347, 250), (345, 333)]
561000_6453000.gif:[]
561000_6471000.gif:[(595, 500), (550, 419)]
561000_6472000.gif:[]
561000_6486000.gif:[(126, 732), (4, 794), (709, 377)]
562000_6440000.gif:[]
562000_6443000.gif:[]
562000_6451000.gif:[]
562000_6456000.gif:[]
562000_6458000.gif:[]
562000_6511000.gif:[]
562000_6564000.gif:[(866, 271), (755, 652)]
562000_6565000.gif:[]
562000_6597000.gif:[]
563000_6523000.gif:[(923, 728)]
564000_6455000.gif:[]
564000_6466000.gif:[(943, 256), (796, 60), (879, 154)]
564000_6475000.gif:[]
565000_6490000.gif:[]
565000_6573000.gif:[(302, 864), (22, 990)]
565000_6574000.gif:[(575, 208), (103, 951)]
565000_6586000.gif:[]
566000_6469000.gif:[]
566000_6537000.gif:[]
566000_6545000.gif:[]
566000_6559000.gif:[(239, 970), (112, 265), (273, 416), (265, 477), (994, 609), (831, 871), (172, 321), (915, 983)]
567000_6538000.gif:[]
567000_6548000.gif:[]
568000_6464000.gif:[]
568000_6466000.gif:[]
568000_6472000.gif:[]
568000_6505000.gif:[(619, 573)]
568000_6543000.gif:[]
568000_6556000.gif:[(226, 676), (690, 93), (750, 58), (651, 624), (802, 485)]
568000_6557000.gif:[(585, 758), (395, 387), (949, 402), (990, 385)]
569000_6449000.gif:[(626, 133), (426, 570)]
569000_6488000.gif:[]
570000_6454000.gif:[(19, 666), (89, 708), (278, 921)]
570000_6519000.gif:[(275, 970)]
570000_6547000.gif:[]
570000_6609000.gif:[]
571000_6450000.gif:[]
571000_6464000.gif:[]
572000_6466000.gif:[]
572000_6509000.gif:[(965, 666)]
572000_6511000.gif:[(239, 49), (121, 171)]
572000_6534000.gif:[(763, 173), (701, 573), (734, 258), (394, 945), (697, 34), (707, 329)]
573000_6432000.gif:[(912, 883)]
573000_6608000.gif:[]
574000_6433000.gif:[(515, 334)]
574000_6521000.gif:[(920, 646), (113, 770)]
574000_6559000.gif:[(36, 458), (167, 695), (739, 443)]
575000_6438000.gif:[]
575000_6446000.gif:[]
575000_6447000.gif:[]
575000_6459000.gif:[(330, 643)]
575000_6531000.gif:[(413, 322), (53, 529)]
576000_6449000.gif:[]
576000_6485000.gif:[(623, 169), (324, 48)]
576000_6606000.gif:[]
576000_6608000.gif:[]
577000_6456000.gif:[(741, 337), (833, 38), (829, 478), (694, 395), (764, 358)]
577000_6510000.gif:[(667, 601)]
577000_6513000.gif:[(866, 388), (91, 591), (548, 444)]
577000_6558000.gif:[(638, 36), (321, 93), (299, 115)]
577000_6562000.gif:[(631, 354), (730, 879), (882, 310)]
577000_6563000.gif:[(478, 543), (536, 841)]
578000_6443000.gif:[(841, 440), (233, 731), (32, 813), (950, 475), (529, 403), (472, 399), (869, 329), (555, 597)]
578000_6445000.gif:[]
578000_6484000.gif:[(312, 632)]
578000_6500000.gif:[]
578000_6502000.gif:[]
578000_6543000.gif:[]
579000_6535000.gif:[]
579000_6541000.gif:[(576, 657), (310, 709)]
579000_6584000.gif:[(84, 928)]
580000_6439000.gif:[(170, 171)]
580000_6467000.gif:[]
580000_6483000.gif:[(796, 640), (283, 443), (68, 325)]
580000_6513000.gif:[(303, 545)]
581000_6529000.gif:[]
581000_6561000.gif:[(988, 43)]
582000_6480000.gif:[(99, 836), (802, 792)]
583000_6551000.gif:[(69, 986)]
583000_6564000.gif:[(682, 558)]
583000_6569000.gif:[]
583000_6574000.gif:[(485, 749), (383, 422), (357, 406), (872, 693), (778, 639), (639, 562)]
584000_6484000.gif:[(563, 364), (387, 312)]
584000_6570000.gif:[(804, 224)]
585000_6476000.gif:[(882, 21)]
585000_6489000.gif:[(937, 339), (632, 179), (858, 739), (476, 356), (866, 468), (213, 347), (748, 239), (889, 41), (60, 413), (299, 928), (221, 286), (802, 463), (438, 68), (428, 151), (864, 522), (863, 581), (234, 162), (259, 302), (582, 525), (921, 933), (556, 136), (212, 107), (901, 10), (401, 38), (416, 420), (514, 113), (861, 652), (634, 369), (864, 821)]
585000_6582000.gif:[]
586000_6467000.gif:[(24, 373), (543, 671), (51, 405), (535, 594), (263, 550)]
586000_6478000.gif:[]
586000_6511000.gif:[(299, 385), (174, 227), (476, 526), (232, 489), (256, 447)]
586000_6545000.gif:[]
586000_6579000.gif:[(898, 459), (496, 493)]
586000_6589000.gif:[(532, 258), (848, 149), (941, 82), (960, 30)]
587000_6480000.gif:[]
587000_6581000.gif:[(515, 349)]
587000_6591000.gif:[(9, 832), (53, 904)]
588000_6429000.gif:[]
588000_6442000.gif:[(477, 536), (347, 442), (519, 565), (684, 680), (93, 712), (264, 383), (335, 673), (153, 301), (132, 677), (3, 873)]
588000_6444000.gif:[(444, 594), (625, 233), (585, 649), (938, 832), (876, 753)]
588000_6529000.gif:[(282, 213), (295, 275), (263, 102), (550, 278), (252, 47), (191, 51), (622, 815), (441, 215), (442, 275), (690, 965), (556, 475), (552, 91), (552, 136)]
588000_6533000.gif:[]
588000_6537000.gif:[(984, 74)]
588000_6538000.gif:[]
588000_6577000.gif:[(565, 250), (523, 951), (548, 531)]
589000_6447000.gif:[(368, 650), (524, 935)]
589000_6452000.gif:[]
589000_6517000.gif:[(830, 724), (593, 416), (718, 554)]
590000_6492000.gif:[(469, 963), (546, 479), (334, 653)]
590000_6529000.gif:[(474, 707), (86, 777), (44, 112), (199, 766), (66, 984), (13, 970), (403, 701), (465, 867), (131, 919), (613, 629), (105, 722), (101, 992), (401, 865)]
591000_6430000.gif:[(541, 589), (845, 879), (803, 839), (596, 633), (876, 824)]
591000_6492000.gif:[(208, 897), (78, 889), (28, 911), (683, 123)]
591000_6570000.gif:[]
591000_6588000.gif:[]
592000_6470000.gif:[(288, 635), (554, 437), (654, 380), (443, 284), (368, 191), (302, 116), (732, 326), (732, 237), (422, 746), (536, 209), (131, 199), (311, 456), (502, 354), (410, 477), (327, 891), (265, 71), (687, 444), (209, 8), (601, 720), (740, 174), (36, 705), (316, 235), (849, 12), (153, 293), (488, 508), (302, 561), (140, 611), (434, 661), (673, 868), (581, 491), (469, 14), (819, 186), (120, 79), (670, 912), (457, 114), (582, 268), (124, 139), (675, 164), (253, 158), (453, 601)]
592000_6489000.gif:[(171, 613), (603, 471), (203, 764), (147, 366), (484, 56), (838, 317), (98, 273), (751, 357)]
593000_6482000.gif:[(41, 914), (293, 393), (236, 354), (460, 502)]
593000_6585000.gif:[]
594000_6425000.gif:[]
594000_6452000.gif:[]
594000_6484000.gif:[(400, 748), (536, 726), (958, 763), (756, 747)]
594000_6499000.gif:[(449, 41), (851, 403), (689, 5), (693, 873), (447, 193), (784, 596), (747, 715), (979, 37)]
594000_6511000.gif:[(586, 980), (435, 461)]
594000_6585000.gif:[(272, 921)]
595000_6455000.gif:[]
595000_6594000.gif:[(5, 15), (52, 570), (336, 785), (829, 995), (744, 933)]
595000_6617000.gif:[]
596000_6422000.gif:[]
596000_6460000.gif:[(133, 872), (484, 978), (418, 939), (280, 881)]
596000_6464000.gif:[(786, 559), (916, 437), (174, 240), (83, 958), (485, 941)]
596000_6582000.gif:[]
597000_6455000.gif:[(779, 391), (232, 761), (46, 520)]
597000_6459000.gif:[(253, 219), (766, 489), (766, 113), (92, 206), (258, 134), (720, 467)]
597000_6464000.gif:[(95, 303), (272, 196), (691, 7), (469, 988), (548, 71), (792, 912), (67, 195)]
597000_6466000.gif:[(52, 385), (137, 635), (662, 517), (638, 164)]
597000_6509000.gif:[]
597000_6558000.gif:[(672, 818), (982, 242), (904, 179)]
597000_6562000.gif:[]
597000_6567000.gif:[(77, 95), (327, 477), (594, 776), (650, 703)]
597000_6587000.gif:[]
598000_6509000.gif:[]
598000_6524000.gif:[(860, 790), (739, 917), (618, 442)]
599000_6459000.gif:[(736, 616), (620, 61)]
599000_6480000.gif:[]
599000_6512000.gif:[]
599000_6532000.gif:[]
600000_6484000.gif:[(6, 646)]
600000_6495000.gif:[(952, 838), (684, 19)]
600000_6558000.gif:[(272, 795), (221, 217), (269, 883), (262, 952), (265, 689), (365, 926), (399, 678), (12, 886)]
601000_6460000.gif:[]
601000_6523000.gif:[(278, 218), (934, 223), (55, 875), (592, 792), (796, 835), (152, 708), (209, 839), (676, 890), (139, 965), (16, 924), (849, 854), (260, 749), (619, 886), (781, 633), (878, 389), (813, 954), (679, 129), (716, 819), (632, 933), (609, 853)]
601000_6610000.gif:[]
602000_6439000.gif:[]
602000_6471000.gif:[(332, 721), (344, 768)]
602000_6472000.gif:[(68, 757), (102, 884), (57, 713)]
602000_6487000.gif:[]
602000_6501000.gif:[(513, 824), (825, 890), (403, 803), (979, 977), (209, 830), (284, 147), (982, 527)]
602000_6512000.gif:[(378, 602), (871, 841), (814, 740), (219, 964), (327, 732), (188, 940), (475, 815), (274, 608), (420, 25), (356, 846), (748, 710), (452, 603), (561, 976), (847, 779), (864, 910), (235, 873)]
602000_6611000.gif:[]
603000_6446000.gif:[(84, 854), (45, 630), (762, 674), (44, 796), (355, 598), (8, 632)]
603000_6495000.gif:[(928, 345), (715, 169), (652, 110)]
604000_6540000.gif:[]
605000_6435000.gif:[]
605000_6468000.gif:[(238, 284), (262, 668)]
605000_6478000.gif:[(123, 185), (730, 17)]
605000_6558000.gif:[(51, 616), (594, 555), (591, 488), (640, 488), (711, 552)]
605000_6572000.gif:[(745, 697), (814, 854), (853, 926), (756, 482), (425, 562), (599, 700), (661, 992)]
606000_6459000.gif:[(899, 96), (967, 602)]
606000_6537000.gif:[(272, 674), (934, 863), (779, 833), (789, 64), (412, 718), (958, 954)]
606000_6600000.gif:[(653, 281), (255, 140), (486, 243), (75, 59), (885, 279), (991, 50)]
607000_6429000.gif:[]
607000_6431000.gif:[]
607000_6478000.gif:[]
607000_6482000.gif:[]
607000_6495000.gif:[]
607000_6498000.gif:[(317, 656)]
607000_6527000.gif:[(622, 878), (645, 794), (725, 514), (977, 562), (680, 12), (796, 509)]
607000_6585000.gif:[(562, 5)]
607000_6610000.gif:[]
608000_6547000.gif:[(29, 355), (71, 750), (85, 827), (11, 299), (88, 902), (92, 863), (48, 545), (71, 677), (591, 747), (312, 880), (41, 190), (335, 967)]
609000_6511000.gif:[(303, 301), (764, 23), (695, 52), (614, 79), (515, 149), (416, 220), (171, 42), (873, 37)]
609000_6544000.gif:[(109, 833)]
609000_6547000.gif:[(620, 697), (163, 299), (710, 738), (533, 581)]
610000_6495000.gif:[]
610000_6533000.gif:[(203, 38), (22, 177), (480, 505), (582, 955)]
610000_6583000.gif:[]
611000_6483000.gif:[]
611000_6540000.gif:[(466, 77), (94, 808), (256, 116), (174, 377), (295, 44)]
611000_6543000.gif:[]
611000_6559000.gif:[(862, 263)]
611000_6562000.gif:[(759, 208), (574, 559)]
612000_6495000.gif:[(337, 439)]
612000_6563000.gif:[(395, 382), (235, 401), (108, 828)]
613000_6410000.gif:[]
613000_6425000.gif:[(662, 971), (568, 167)]
613000_6487000.gif:[(818, 284)]
613000_6507000.gif:[]
613000_6565000.gif:[]
613000_6592000.gif:[(168, 225), (752, 19), (784, 59), (236, 219)]
613000_6595000.gif:[(21, 691)]
613000_6603000.gif:[(884, 825), (457, 188), (831, 315), (277, 423), (605, 580)]
614000_6492000.gif:[(440, 745), (588, 915)]
614000_6515000.gif:[(131, 696), (549, 146)]
614000_6573000.gif:[]
614000_6579000.gif:[(271, 927), (585, 881), (59, 943)]
614000_6584000.gif:[(181, 896), (481, 505), (147, 934), (383, 180), (572, 929)]
614000_6611000.gif:[(943, 824), (819, 794), (377, 850), (370, 704)]
614000_6612000.gif:[]
615000_6451000.gif:[]
615000_6458000.gif:[(285, 402)]
616000_6420000.gif:[]
616000_6496000.gif:[(391, 321), (714, 271), (460, 847), (185, 303), (424, 570), (372, 267), (203, 378), (350, 150), (73, 108), (259, 135), (632, 284)]
616000_6538000.gif:[(364, 714), (725, 772), (839, 715), (485, 918), (928, 544), (378, 995), (321, 923), (558, 859), (178, 610), (457, 780), (289, 672), (868, 691), (100, 881), (818, 970), (876, 927), (131, 581)]
617000_6429000.gif:[]
617000_6527000.gif:[]
617000_6568000.gif:[(55, 160), (841, 881), (335, 165), (679, 592), (454, 410), (710, 649), (6, 360), (328, 116), (109, 44), (9, 127), (237, 70)]
617000_6571000.gif:[]
618000_6473000.gif:[]
618000_6534000.gif:[(213, 541)]
618000_6606000.gif:[(812, 36)]
619000_6493000.gif:[]
619000_6588000.gif:[(110, 873)]
620000_6478000.gif:[]
620000_6500000.gif:[]
620000_6503000.gif:[(967, 100), (506, 241), (650, 197), (988, 414), (502, 969), (474, 242), (979, 307)]
620000_6507000.gif:[]
621000_6402000.gif:[(811, 665), (884, 526), (711, 477), (204, 368)]
621000_6450000.gif:[]
621000_6525000.gif:[]
621000_6580000.gif:[(572, 511), (382, 638), (339, 531), (775, 38), (370, 609), (594, 559), (897, 988), (531, 421), (308, 460), (22, 533), (74, 960), (868, 264), (297, 782), (458, 780), (485, 314), (552, 465), (650, 678), (554, 61), (471, 468), (618, 693), (978, 801), (468, 587), (89, 645), (537, 949), (320, 494), (212, 863), (112, 684), (790, 414), (174, 790), (508, 369), (647, 438), (608, 479)]
622000_6416000.gif:[(732, 807), (156, 962), (184, 848), (671, 828), (924, 733), (820, 762), (253, 298), (880, 606)]
622000_6434000.gif:[]
622000_6450000.gif:[]
622000_6474000.gif:[]
622000_6556000.gif:[(246, 185)]
623000_6424000.gif:[(707, 23)]
623000_6432000.gif:[]
623000_6522000.gif:[]
623000_6576000.gif:[(274, 267), (477, 16), (139, 209), (54, 225), (119, 350)]
623000_6593000.gif:[(194, 473), (280, 671), (768, 8), (314, 731)]
624000_6403000.gif:[(940, 17)]
624000_6456000.gif:[(679, 732)]
624000_6514000.gif:[]
624000_6604000.gif:[]
625000_6400000.gif:[]
625000_6424000.gif:[(158, 537)]
625000_6557000.gif:[]
625000_6581000.gif:[(994, 561), (935, 189), (544, 753), (33, 189), (576, 94), (509, 196), (957, 469), (732, 488), (912, 503), (562, 215), (855, 327), (642, 246), (937, 751), (881, 532), (956, 369), (699, 266)]
627000_6395000.gif:[]
627000_6428000.gif:[(466, 137)]
627000_6494000.gif:[]
627000_6512000.gif:[(585, 843), (428, 712), (365, 980), (250, 567), (349, 619), (214, 387), (481, 816), (35, 468), (521, 887), (273, 871), (160, 523), (381, 485)]
627000_6519000.gif:[]
627000_6601000.gif:[]
628000_6452000.gif:[(427, 677), (404, 838), (497, 93)]
628000_6480000.gif:[]
628000_6566000.gif:[]
628000_6571000.gif:[(588, 404), (39, 710), (322, 557), (975, 65), (511, 947), (570, 369), (635, 372)]
629000_6510000.gif:[(385, 260)]
629000_6561000.gif:[(657, 967), (669, 484)]
629000_6562000.gif:[(563, 587), (127, 539), (83, 529), (9, 514), (182, 554)]
630000_6398000.gif:[]
630000_6450000.gif:[(819, 213)]
630000_6461000.gif:[]
630000_6544000.gif:[(330, 78), (402, 226), (588, 315)]
630000_6596000.gif:[(205, 829)]
631000_6428000.gif:[(931, 298), (580, 969), (541, 901)]
631000_6502000.gif:[]
631000_6537000.gif:[(28, 450), (48, 366)]
632000_6417000.gif:[(170, 710), (74, 597), (325, 919)]
632000_6605000.gif:[]
632000_6606000.gif:[]
633000_6387000.gif:[(55, 230), (663, 57)]
633000_6421000.gif:[(692, 880)]
633000_6429000.gif:[(202, 748), (829, 118), (775, 884), (429, 670), (504, 644), (792, 546), (549, 628)]
634000_6400000.gif:[(686, 591), (79, 750), (976, 455)]
634000_6423000.gif:[(577, 22), (115, 131)]
634000_6439000.gif:[]
634000_6529000.gif:[]
634000_6566000.gif:[(29, 821), (33, 760)]
634000_6567000.gif:[(249, 77), (328, 352)]
634000_6609000.gif:[]
635000_6584000.gif:[(484, 860), (916, 208), (688, 770), (866, 386), (594, 957)]
635000_6598000.gif:[]
635000_6603000.gif:[(868, 822), (679, 669), (819, 875)]
636000_6383000.gif:[]
636000_6430000.gif:[(647, 166), (193, 674)]
636000_6505000.gif:[(876, 361), (920, 874)]
636000_6530000.gif:[(688, 804), (949, 734), (209, 423)]
636000_6547000.gif:[(640, 914), (906, 65), (368, 193), (187, 326), (454, 129), (692, 63), (527, 84), (811, 76), (568, 959), (362, 99), (331, 169), (812, 807), (915, 745), (558, 433), (524, 987), (910, 202), (952, 225)]
636000_6566000.gif:[(221, 264), (738, 353), (823, 325)]
637000_6435000.gif:[]
637000_6447000.gif:[(799, 175), (901, 346)]
637000_6496000.gif:[]
637000_6513000.gif:[(139, 7), (430, 724), (860, 233), (918, 414), (509, 246), (955, 519), (162, 95), (745, 471), (633, 125), (724, 385), (892, 331), (543, 351), (337, 552), (411, 685), (289, 57), (987, 610), (664, 499), (478, 159), (539, 157), (125, 290), (44, 195), (163, 340), (615, 86), (208, 386), (482, 368), (942, 474), (355, 772), (905, 61), (436, 12), (697, 295)]
637000_6571000.gif:[(16, 162), (397, 521), (483, 358)]
638000_6434000.gif:[(609, 755), (911, 63), (476, 880)]
638000_6489000.gif:[(943, 641)]
639000_6426000.gif:[(506, 725), (560, 749), (817, 870), (891, 128), (182, 610)]
639000_6432000.gif:[(466, 831), (374, 551)]
639000_6453000.gif:[(420, 753), (250, 565), (367, 655), (137, 443)]
639000_6460000.gif:[(533, 637), (319, 392), (629, 494), (450, 811), (109, 253), (718, 736), (903, 709), (182, 307), (14, 157)]
640000_6389000.gif:[(265, 755), (148, 538), (238, 723)]
640000_6437000.gif:[(251, 766), (578, 337), (596, 287)]
640000_6447000.gif:[(904, 115), (312, 917), (985, 195), (291, 836), (559, 857), (127, 40), (808, 822), (796, 10), (740, 900)]
640000_6458000.gif:[(975, 683), (664, 588), (31, 446), (370, 525), (912, 664), (949, 783)]
640000_6464000.gif:[(127, 31), (699, 241), (863, 113), (167, 252), (432, 320), (62, 226), (506, 303)]
640000_6582000.gif:[(505, 198), (407, 79), (855, 657), (438, 944), (300, 375), (322, 663), (447, 127)]
641000_6405000.gif:[(823, 774)]
641000_6482000.gif:[]
642000_6416000.gif:[(879, 766)]
642000_6504000.gif:[]
642000_6558000.gif:[]
642000_6575000.gif:[]
642000_6581000.gif:[(296, 751), (900, 934), (589, 419), (574, 878)]
643000_6421000.gif:[(475, 927), (10, 660)]
643000_6463000.gif:[]
643000_6473000.gif:[(293, 542), (206, 817)]
643000_6478000.gif:[]
643000_6513000.gif:[(341, 571), (291, 562), (5, 465), (950, 602)]
644000_6406000.gif:[(332, 429)]
644000_6419000.gif:[]
644000_6422000.gif:[]
644000_6524000.gif:[]
644000_6527000.gif:[]
644000_6534000.gif:[(13, 124)]
644000_6588000.gif:[(162, 985), (28, 870)]
645000_6380000.gif:[(866, 442), (88, 670)]
645000_6394000.gif:[]
645000_6429000.gif:[(902, 905), (655, 350), (939, 410), (845, 425), (937, 304)]
645000_6462000.gif:[(806, 810)]
645000_6500000.gif:[(44, 60), (64, 387)]
645000_6517000.gif:[(49, 428), (158, 646)]
645000_6586000.gif:[(317, 140), (711, 414), (785, 4), (539, 563), (868, 268), (808, 330), (615, 119), (632, 265), (435, 365), (706, 227), (104, 233), (931, 425), (344, 735), (97, 979), (536, 27), (539, 314), (753, 278), (173, 886), (683, 187), (825, 134), (882, 23), (739, 390), (574, 535)]
646000_6376000.gif:[]
646000_6397000.gif:[]
646000_6426000.gif:[(168, 636), (556, 37), (655, 7), (611, 367)]
646000_6494000.gif:[(210, 558), (126, 507), (162, 92)]
646000_6517000.gif:[]
646000_6553000.gif:[(131, 510), (371, 565), (496, 604)]
646000_6568000.gif:[(344, 377), (530, 804), (865, 645), (991, 582), (731, 711), (761, 831), (652, 747), (834, 962)]
646000_6581000.gif:[]
646000_6594000.gif:[]
647000_6383000.gif:[(303, 900), (41, 548)]
647000_6495000.gif:[(595, 613)]
647000_6511000.gif:[]
647000_6516000.gif:[]
647000_6530000.gif:[(768, 785), (249, 528), (89, 609), (182, 658), (917, 871), (725, 943), (524, 57)]
648000_6384000.gif:[(917, 19)]
648000_6441000.gif:[(520, 985), (503, 924), (190, 319)]
648000_6455000.gif:[(115, 934), (27, 311)]
648000_6459000.gif:[(455, 235), (974, 256), (945, 77)]
648000_6493000.gif:[(937, 298), (835, 652), (389, 222), (150, 174)]
648000_6502000.gif:[(561, 120), (901, 550)]
649000_6394000.gif:[]
649000_6475000.gif:[(821, 257), (397, 604), (299, 515), (388, 840), (546, 483), (314, 319), (391, 870), (311, 224), (130, 116), (313, 714), (399, 309), (692, 369), (298, 67), (470, 945), (248, 527), (392, 736), (166, 190)]
649000_6497000.gif:[]
649000_6578000.gif:[(256, 36), (231, 970), (334, 944), (120, 962), (466, 476), (350, 979), (471, 611), (748, 4)]
650000_6410000.gif:[]
650000_6536000.gif:[]
650000_6568000.gif:[]
651000_6382000.gif:[(223, 424), (138, 187), (67, 848)]
651000_6394000.gif:[(942, 742), (917, 256)]
651000_6481000.gif:[(846, 330), (962, 304), (464, 140)]
651000_6499000.gif:[(554, 513), (829, 723)]
651000_6528000.gif:[(866, 135), (373, 797), (780, 254), (910, 203), (116, 520), (945, 178), (22, 446)]
651000_6550000.gif:[(266, 413), (341, 729)]
651000_6575000.gif:[]
652000_6411000.gif:[(188, 696), (5, 749)]
652000_6432000.gif:[]
652000_6440000.gif:[(916, 562)]
652000_6532000.gif:[]
652000_6554000.gif:[(639, 306)]
652000_6587000.gif:[]
653000_6400000.gif:[]
653000_6402000.gif:[]
653000_6416000.gif:[(918, 233), (232, 738)]
653000_6561000.gif:[]
653000_6567000.gif:[]
654000_6461000.gif:[(536, 886), (831, 439), (938, 311)]
655000_6413000.gif:[(626, 833)]
655000_6417000.gif:[(18, 694), (189, 622), (926, 74), (369, 42), (466, 118), (251, 598), (811, 262), (734, 358)]
655000_6543000.gif:[(858, 423), (545, 644), (720, 620), (954, 573), (812, 81), (158, 709), (865, 472), (308, 42), (872, 519), (844, 318)]
656000_6427000.gif:[(57, 713), (478, 175), (470, 222), (878, 178), (278, 81), (507, 81)]
656000_6549000.gif:[]
656000_6567000.gif:[(170, 189)]
656000_6577000.gif:[(579, 513), (374, 940)]
656000_6601000.gif:[]
657000_6437000.gif:[(29, 693), (326, 39), (144, 781), (451, 195)]
657000_6473000.gif:[(964, 447), (786, 732), (490, 191), (6, 789), (199, 688), (103, 589), (48, 849), (252, 741), (303, 792), (152, 639), (395, 885), (718, 425), (538, 557), (588, 506), (358, 323), (426, 669), (713, 681), (401, 318), (15, 332), (483, 611), (655, 811), (609, 743), (351, 141), (184, 80), (403, 159), (43, 644), (94, 900), (819, 399), (475, 306), (237, 365), (159, 966), (729, 296), (377, 511), (275, 409), (762, 658), (329, 464), (557, 686), (940, 572), (343, 829), (446, 946), (804, 227), (694, 869), (891, 485), (923, 381), (486, 732), (681, 261), (99, 53), (826, 847)]
657000_6490000.gif:[(881, 157), (16, 462), (777, 920), (732, 877), (794, 187)]
657000_6499000.gif:[(24, 769), (152, 893)]
657000_6571000.gif:[]
657000_6587000.gif:[]
657000_6600000.gif:[]
658000_6461000.gif:[(299, 654), (881, 379), (933, 427), (439, 643)]
658000_6490000.gif:[(982, 313)]
658000_6507000.gif:[(341, 599), (512, 575)]
658000_6533000.gif:[]
658000_6578000.gif:[]
658000_6594000.gif:[(781, 277), (985, 271)]
658000_6600000.gif:[]
659000_6384000.gif:[(214, 763), (191, 606), (335, 512), (298, 768), (635, 818), (221, 794), (155, 431), (145, 387), (523, 612), (82, 172), (42, 67), (459, 548), (499, 586)]
659000_6387000.gif:[(172, 894)]
659000_6416000.gif:[(109, 875), (67, 878), (229, 860)]
659000_6428000.gif:[(912, 637), (849, 652)]
659000_6525000.gif:[(241, 583)]
659000_6571000.gif:[]
659000_6578000.gif:[(687, 350)]
659000_6583000.gif:[(223, 369), (821, 94), (273, 409), (106, 257), (708, 205)]
660000_6417000.gif:[(813, 50), (522, 841), (841, 97), (576, 866), (602, 804)]
660000_6474000.gif:[(587, 817), (653, 892), (476, 492), (401, 677), (584, 49), (546, 556), (272, 80), (39, 528), (638, 480), (778, 589), (948, 584), (989, 721), (798, 530), (427, 648), (212, 705), (960, 150), (278, 787), (593, 280), (821, 459), (502, 225), (993, 290), (527, 419), (705, 700), (171, 904), (253, 469), (708, 417), (520, 746)]
660000_6512000.gif:[(172, 725), (178, 631)]
660000_6570000.gif:[]
660000_6579000.gif:[(742, 168)]
660000_6590000.gif:[(714, 755)]
660000_6596000.gif:[]
661000_6434000.gif:[(453, 7), (249, 826), (277, 694)]
662000_6391000.gif:[]
662000_6395000.gif:[(528, 66), (292, 933), (447, 563), (386, 741), (329, 859)]
662000_6404000.gif:[(531, 292)]
662000_6463000.gif:[(287, 715), (178, 396), (855, 547), (889, 536), (973, 950), (229, 381), (486, 655)]
662000_6474000.gif:[(60, 121), (150, 260), (196, 35), (491, 540), (528, 362), (11, 325), (858, 615), (342, 540), (541, 305), (550, 553), (78, 291), (324, 949), (3, 161), (684, 657), (782, 600), (608, 566), (589, 387), (181, 530), (8, 400), (651, 89), (524, 839), (455, 895), (551, 254), (62, 931), (131, 648), (324, 740)]
662000_6542000.gif:[]
662000_6578000.gif:[]
663000_6483000.gif:[(615, 157)]
664000_6478000.gif:[(601, 485)]
664000_6485000.gif:[(338, 842), (404, 929), (46, 275), (990, 977), (432, 779)]
664000_6498000.gif:[]
664000_6546000.gif:[(343, 689), (331, 771), (376, 818), (255, 721)]
664000_6569000.gif:[]
665000_6450000.gif:[(846, 491)]
665000_6458000.gif:[(398, 274), (420, 333)]
665000_6547000.gif:[(416, 390), (903, 198), (474, 541), (528, 684), (598, 867), (731, 266)]
666000_6421000.gif:[(230, 286), (415, 707), (313, 477)]
666000_6463000.gif:[]
666000_6476000.gif:[(271, 650), (153, 630), (843, 632), (827, 475), (583, 650)]
666000_6548000.gif:[(265, 720), (872, 821)]
667000_6421000.gif:[(907, 840), (871, 261), (604, 942), (964, 81)]
667000_6422000.gif:[(445, 778)]
667000_6566000.gif:[]
667000_6567000.gif:[(460, 537), (497, 515), (638, 430), (711, 705)]
667000_6583000.gif:[(896, 954), (292, 261), (665, 300), (841, 265), (558, 285), (461, 56), (244, 68), (995, 729), (854, 385), (495, 38)]
668000_6388000.gif:[(961, 603), (142, 720), (530, 878), (223, 427), (782, 763), (427, 841)]
668000_6485000.gif:[(492, 190), (662, 505), (747, 666), (548, 290)]
668000_6492000.gif:[(460, 713), (312, 173)]
668000_6495000.gif:[]
668000_6563000.gif:[(74, 708)]
669000_6487000.gif:[(92, 525), (162, 612)]
670000_6528000.gif:[(240, 790), (264, 458), (250, 647), (232, 936), (128, 432), (306, 192), (51, 786)]
671000_6387000.gif:[]
671000_6412000.gif:[(370, 748)]
672000_6395000.gif:[(476, 670)]
672000_6485000.gif:[(536, 701), (578, 669), (225, 910), (399, 797), (887, 410), (995, 238), (829, 470), (251, 880)]
672000_6486000.gif:[]
672000_6494000.gif:[]
673000_6386000.gif:[]
673000_6423000.gif:[(978, 294), (516, 742)]
673000_6522000.gif:[]
673000_6578000.gif:[(40, 298)]
674000_6410000.gif:[(150, 132)]
674000_6420000.gif:[(188, 963), (690, 714)]
674000_6458000.gif:[]
674000_6540000.gif:[(501, 898)]
674000_6563000.gif:[]
675000_6554000.gif:[(855, 759)]
675000_6563000.gif:[]
675000_6591000.gif:[(582, 389), (953, 451), (500, 394), (137, 423)]
676000_6386000.gif:[(378, 638), (320, 192), (367, 50)]
676000_6422000.gif:[(887, 759), (373, 525), (432, 271), (940, 102), (857, 870), (718, 575), (282, 776), (366, 609), (917, 650), (616, 669), (928, 604), (470, 667), (669, 690), (979, 386), (846, 524), (383, 428), (157, 808), (514, 711), (936, 572), (556, 639)]
676000_6535000.gif:[]
676000_6540000.gif:[(530, 540), (31, 730)]
676000_6553000.gif:[(890, 472)]
676000_6561000.gif:[]
677000_6419000.gif:[(873, 481), (292, 601), (817, 697), (422, 117), (16, 350), (942, 231), (748, 967), (55, 422), (504, 47), (343, 195)]
677000_6431000.gif:[(721, 715), (608, 723), (888, 706)]
677000_6516000.gif:[(703, 514), (321, 837), (354, 793), (618, 181)]
677000_6569000.gif:[(771, 78)]
678000_6385000.gif:[]
678000_6503000.gif:[(267, 641), (296, 117), (624, 4), (479, 769), (406, 77), (33, 496), (388, 715)]
678000_6517000.gif:[]
678000_6550000.gif:[(791, 747), (261, 243)]
678000_6575000.gif:[]
679000_6443000.gif:[(717, 587), (595, 455)]
679000_6473000.gif:[(707, 243), (803, 882), (756, 574), (763, 614), (788, 785), (820, 995), (521, 569), (919, 979), (811, 948)]
679000_6502000.gif:[(831, 227), (857, 244), (991, 334)]
680000_6415000.gif:[(61, 512), (198, 686), (218, 848), (326, 640), (375, 704), (37, 479), (173, 786), (83, 143), (108, 571), (7, 219), (578, 172), (148, 100), (944, 538), (33, 175), (147, 621), (347, 388), (232, 728), (40, 67), (304, 520), (60, 260), (385, 8)]
680000_6449000.gif:[]
680000_6471000.gif:[(209, 442), (186, 227), (416, 487), (110, 823), (961, 474), (166, 535), (132, 985)]
680000_6480000.gif:[]
681000_6501000.gif:[(305, 923), (906, 24), (191, 887)]
681000_6548000.gif:[]
682000_6433000.gif:[(117, 512), (727, 898), (171, 542), (539, 20), (734, 847), (818, 319), (633, 791), (488, 16), (845, 978)]
682000_6482000.gif:[]
682000_6555000.gif:[]
682000_6594000.gif:[]
683000_6450000.gif:[(898, 732), (813, 234)]
684000_6436000.gif:[]
684000_6464000.gif:[]
684000_6495000.gif:[]
684000_6503000.gif:[]
685000_6418000.gif:[(148, 310), (256, 519), (45, 206), (317, 553)]
685000_6465000.gif:[(385, 859)]
685000_6549000.gif:[(369, 897)]
685000_6561000.gif:[(47, 361)]
686000_6545000.gif:[(246, 567)]
686000_6549000.gif:[(872, 548), (905, 531)]
686000_6555000.gif:[(923, 737), (296, 988)]
686000_6577000.gif:[(984, 517), (323, 266), (929, 396)]
686000_6584000.gif:[(57, 139), (59, 196)]
687000_6385000.gif:[(575, 54)]
687000_6389000.gif:[(657, 748), (533, 655), (58, 318), (209, 85)]
687000_6554000.gif:[]
687000_6571000.gif:[(395, 897), (533, 930), (919, 652), (966, 631), (469, 141), (926, 574)]
688000_6468000.gif:[]
688000_6489000.gif:[(476, 872), (644, 875), (650, 592)]
688000_6541000.gif:[]
688000_6576000.gif:[(882, 841), (989, 793), (501, 614)]
689000_6389000.gif:[]
690000_6396000.gif:[(967, 693), (979, 298), (114, 170)]
690000_6405000.gif:[(787, 91), (632, 419)]
691000_6397000.gif:[(217, 855)]
691000_6429000.gif:[]
691000_6431000.gif:[]
692000_6408000.gif:[(290, 139), (301, 73)]
693000_6422000.gif:[(207, 610)]
693000_6470000.gif:[]
693000_6541000.gif:[]
694000_6564000.gif:[]
694000_6588000.gif:[(33, 676), (419, 118), (652, 58), (533, 85), (427, 160), (903, 476), (195, 640)]
695000_6436000.gif:[(303, 520)]
696000_6386000.gif:[]
696000_6405000.gif:[(370, 456)]
696000_6424000.gif:[(477, 237)]
696000_6454000.gif:[]
697000_6432000.gif:[(324, 815), (220, 410), (386, 373), (695, 108), (135, 6), (167, 16), (497, 375), (303, 141), (27, 184), (291, 64), (268, 593)]
697000_6459000.gif:[(292, 589), (807, 654), (710, 650)]
697000_6576000.gif:[(266, 165), (17, 353), (439, 912)]
698000_6459000.gif:[(396, 677), (741, 690), (340, 675), (728, 15), (454, 678), (169, 670)]
699000_6413000.gif:[(414, 29), (414, 72)]
699000_6454000.gif:[(257, 665), (715, 437), (399, 598), (730, 121)]
699000_6545000.gif:[]
700000_6473000.gif:[]
701000_6424000.gif:[(698, 762)]
701000_6448000.gif:[(773, 502), (438, 179), (985, 6), (266, 77), (227, 299), (734, 559)]
701000_6450000.gif:[(893, 822), (644, 577), (912, 854), (962, 672), (761, 726)]
701000_6472000.gif:[]
701000_6560000.gif:[]
701000_6564000.gif:[]
702000_6545000.gif:[]
703000_6397000.gif:[(766, 801)]
703000_6546000.gif:[(618, 189), (264, 66), (831, 265), (944, 259), (364, 64), (455, 104), (289, 222), (686, 229), (356, 12), (274, 128)]
703000_6587000.gif:[(55, 836), (123, 821), (516, 988), (613, 931), (524, 888), (72, 984), (715, 979), (14, 992)]
704000_6408000.gif:[(880, 59), (615, 325)]
704000_6452000.gif:[]
704000_6466000.gif:[]
705000_6402000.gif:[]
705000_6415000.gif:[(299, 359), (315, 816), (292, 405)]
706000_6431000.gif:[(708, 561), (655, 484)]
708000_6438000.gif:[(928, 542), (963, 823)]
708000_6444000.gif:[]
708000_6548000.gif:[]
709000_6432000.gif:[(157, 543), (443, 466)]
709000_6562000.gif:[(133, 845), (534, 951)]
709000_6593000.gif:[]
711000_6422000.gif:[]
712000_6442000.gif:[]
712000_6561000.gif:[]
712000_6569000.gif:[]
713000_6557000.gif:[]
713000_6588000.gif:[(116, 174), (929, 450), (94, 6), (34, 184), (442, 306), (856, 611), (24, 5), (485, 543), (45, 262), (127, 255), (186, 163), (309, 95), (170, 9), (47, 318), (61, 347), (228, 342)]
713000_6592000.gif:[]
714000_6400000.gif:[]
714000_6411000.gif:[]
714000_6417000.gif:[(169, 611), (301, 939), (201, 689)]
714000_6540000.gif:[]
714000_6549000.gif:[]
714000_6568000.gif:[]
715000_6554000.gif:[]
715000_6578000.gif:[]
715000_6591000.gif:[]
715000_6592000.gif:[]
716000_6439000.gif:[]
716000_6546000.gif:[]
716000_6548000.gif:[]
716000_6564000.gif:[(213, 893)]
716000_6565000.gif:[]
717000_6427000.gif:[]
717000_6579000.gif:[(473, 342), (683, 449)]
