365000,6466000,
376000,6455000,
381000,6418000,
386000,6465000,
389000,6455000,612.8571428571429;458.57142857142856|162.85714285714286;667.1428571428571|115.71428571428571;772.8571428571429|55.714285714285715;698.5714285714287|137.14285714285714;630.0|81.42857142857143;530.0
391000,6471000,408.5714285714286;992.8571428571429|684.2857142857142;432.8571428571429
393000,6461000,50.0;541.4285714285714|600.0;694.2857142857143|122.85714285714286;542.8571428571428|128.57142857142856;582.8571428571429
398000,6531000,32.857142857142854;201.42857142857142
403000,6485000,
405000,6531000,234.28571428571428;752.8571428571429
407000,6468000,547.1428571428571;927.1428571428571|548.5714285714286;925.7142857142857
410000,6445000,
411000,6537000,967.1428571428572;225.7142857142857
415000,6499000,
417000,6500000,
420000,6450000,
423000,6510000,
425000,6544000,
428000,6452000,
431000,6513000,
435000,6554000,
439000,6488000,595.7142857142858;521.4285714285714
442000,6523000,641.4285714285714;621.4285714285714|764.2857142857142;352.8571428571429|738.5714285714286;267.1428571428571
446000,6516000,
451000,6479000,
456000,6489000,
462000,6525000,
465000,6518000,
469000,6491000,
472000,6499000,285.7142857142857;708.5714285714286|441.42857142857144;814.2857142857143|421.42857142857144;698.5714285714287|352.8571428571429;445.7142857142857|212.85714285714286;290.0|532.8571428571428;107.14285714285714|92.85714285714286;94.28571428571429
474000,6506000,501.42857142857144;692.8571428571429|54.285714285714285;761.4285714285714
476000,6566000,
480000,6559000,
482000,6549000,
484000,6468000,
485000,6539000,328.57142857142856;32.857142857142854|934.2857142857142;424.2857142857143|360.0;51.42857142857143
489000,6493000,
490000,6573000,
493000,6556000,
496000,6562000,195.7142857142857;195.7142857142857|280.0;352.8571428571429|412.8571428571429;457.1428571428571|681.4285714285713;630.0|798.5714285714286;661.4285714285714|974.2857142857143;704.2857142857143|474.28571428571433;642.8571428571429|810.0;932.8571428571428
498000,6533000,
500000,6484000,
501000,6552000,
503000,6463000,
504000,6511000,508.57142857142856;852.8571428571429
506000,6527000,
508000,6563000,907.1428571428571;185.71428571428572|471.42857142857144;72.85714285714286|50.0;575.7142857142858|890.0;255.71428571428572|60.0;124.28571428571429|992.8571428571429;20.0|970.0;80.0|955.7142857142858;130.0
510000,6502000,
512000,6552000,701.4285714285714;197.14285714285714|734.2857142857143;294.2857142857143|765.7142857142857;332.85714285714283|804.2857142857142;420.0|685.7142857142857;961.4285714285714
514000,6456000,
516000,6579000,380.0;925.7142857142857|471.42857142857144;951.4285714285714|532.8571428571428;961.4285714285714|391.4285714285714;854.2857142857143|137.14285714285714;884.2857142857142|68.57142857142857;752.8571428571429|118.57142857142858;700.0
519000,6458000,
520000,6594000,
522000,6584000,207.14285714285717;204.2857142857143|264.2857142857143;202.85714285714283|784.2857142857142;151.42857142857144|921.4285714285713;135.7142857142857|128.57142857142856;218.57142857142858|512.8571428571429;175.71428571428572
524000,6582000,617.1428571428571;21.428571428571427|772.8571428571429;100.0|835.7142857142858;134.28571428571428|957.1428571428572;190.0
526000,6521000,945.7142857142858;170.0
527000,6466000,
529000,6551000,
530000,6600000,161.42857142857142;675.7142857142857|177.14285714285714;687.1428571428571|145.71428571428572;754.2857142857143|830.0;631.4285714285714|565.7142857142858;724.2857142857143
532000,6541000,615.7142857142858;541.4285714285714|742.8571428571429;627.1428571428571|662.8571428571428;654.2857142857142|661.4285714285714;581.4285714285714|237.14285714285717;688.5714285714287|25.714285714285715;305.7142857142857|338.57142857142856;924.2857142857142|718.5714285714286;850.0|731.4285714285714;938.5714285714287|435.7142857142857;58.57142857142857
534000,6441000,27.142857142857142;65.71428571428571
535000,6447000,702.8571428571429;20.0
537000,6427000,
538000,6535000,2.857142857142857;658.5714285714286|58.57142857142857;451.4285714285714|418.5714285714286;952.8571428571429|820.0;874.2857142857143
541000,6461000,702.8571428571429;270.0
542000,6500000,
544000,6478000,158.57142857142856;600.0|608.5714285714286;302.8571428571429|677.1428571428571;261.42857142857144|562.8571428571429;187.14285714285714|621.4285714285714;118.57142857142858|830.0;158.57142857142856|902.8571428571428;88.57142857142857|962.8571428571429;47.142857142857146|151.42857142857144;51.42857142857143|985.7142857142858;362.8571428571429|957.1428571428572;430.0
545000,6562000,
546000,6561000,210.0;620.0|232.85714285714283;608.5714285714286|77.14285714285714;445.7142857142857|190.0;408.5714285714286|54.285714285714285;372.85714285714283|170.0;340.0|127.14285714285714;568.5714285714287
548000,6595000,50.0;145.71428571428572|130.0;145.71428571428572|160.0;65.71428571428571|151.42857142857144;25.714285714285715|205.71428571428572;181.42857142857144|292.8571428571429;232.85714285714283|380.0;285.7142857142857|462.85714285714283;335.71428571428567|550.0;364.2857142857143|640.0;392.85714285714283|731.4285714285714;424.2857142857143|531.4285714285714;670.0|462.85714285714283;652.8571428571428|322.85714285714283;625.7142857142857|351.42857142857144;635.7142857142857|251.42857142857144;607.1428571428571|182.85714285714286;590.0|57.14285714285714;557.1428571428571|40.0;627.1428571428571|147.14285714285714;738.5714285714286|160.0;812.8571428571429|37.142857142857146;824.2857142857143|165.7142857142857;655.7142857142857|284.28571428571433;617.1428571428571|320.0;798.5714285714286|780.0;567.1428571428572|687.1428571428571;600.0|602.8571428571429;680.0|622.8571428571429;732.8571428571429|550.0;852.8571428571429|620.0;870.0|665.7142857142857;885.7142857142857|754.2857142857143;914.2857142857142|310.0;880.0|170.0;892.8571428571429|882.8571428571429;891.4285714285714|980.0;864.2857142857143
550000,6493000,
551000,6576000,
553000,6470000,
554000,6564000,664.2857142857142;72.85714285714286|765.7142857142857;164.28571428571428|365.7142857142857;775.7142857142857
556000,6472000,
557000,6491000,
558000,6527000,
559000,6605000,
561000,6482000,
562000,6560000,154.28571428571428;544.2857142857142|225.7142857142857;592.8571428571429|264.2857142857143;591.4285714285714|388.57142857142856;565.7142857142858|464.2857142857143;550.0|577.1428571428572;537.1428571428571|472.8571428571429;657.1428571428571|605.7142857142858;672.8571428571428|697.1428571428572;711.4285714285714|692.8571428571429;755.7142857142857|967.1428571428572;861.4285714285714|835.7142857142858;528.5714285714286|410.0;34.285714285714285
564000,6457000,
565000,6553000,
568000,6445000,260.0;322.85714285714283
569000,6560000,970.0;330.0|935.7142857142857;345.7142857142857|947.1428571428572;360.0|824.2857142857143;375.7142857142857|680.0;411.42857142857144|564.2857142857143;437.14285714285717|497.14285714285717;851.4285714285714
570000,6577000,
571000,6510000,
572000,6445000,
573000,6536000,
574000,6578000,512.8571428571429;204.2857142857143|715.7142857142858;212.85714285714286|877.1428571428571;410.0|880.0;532.8571428571428|974.2857142857143;648.5714285714286|947.1428571428572;952.8571428571429
575000,6538000,
576000,6605000,
577000,6592000,432.8571428571429;411.42857142857144|255.71428571428572;124.28571428571429|677.1428571428571;735.7142857142858
581000,6465000,
582000,6530000,825.7142857142858;292.8571428571429|84.28571428571428;684.2857142857142|227.14285714285714;590.0
584000,6595000,102.85714285714286;107.14285714285714|120.0;105.71428571428572|251.42857142857144;47.142857142857146|372.85714285714283;110.0|591.4285714285714;594.2857142857143|700.0;785.7142857142857|732.8571428571429;911.4285714285714|902.8571428571428;665.7142857142857
586000,6426000,77.14285714285714;157.14285714285714
586000,6587000,92.85714285714286;417.14285714285717
588000,6441000,860.0;718.5714285714286|798.5714285714286;808.5714285714286
589000,6538000,542.8571428571428;115.71428571428571|181.42857142857144;720.0
590000,6554000,
591000,6491000,101.42857142857142;717.1428571428572|77.14285714285714;650.0|14.285714285714285;608.5714285714286|44.285714285714285;308.57142857142856|277.1428571428571;225.7142857142857|421.42857142857144;158.57142857142856|445.7142857142857;458.57142857142856|411.42857142857144;360.0|355.7142857142857;355.7142857142857|272.85714285714283;395.7142857142857|237.14285714285717;412.8571428571429|211.42857142857144;595.7142857142858|258.57142857142856;675.7142857142857|365.7142857142857;652.8571428571428|408.5714285714286;774.2857142857142|841.4285714285714;964.2857142857143|158.57142857142856;598.5714285714286
593000,6515000,
594000,6550000,52.85714285714286;220.0
596000,6431000,
598000,6416000,562.8571428571429;800.0|435.7142857142857;190.0
598000,6563000,998.5714285714286;120.0
600000,6448000,831.4285714285714;245.71428571428572
601000,6458000,377.14285714285717;584.2857142857143|404.2857142857143;601.4285714285714|672.8571428571428;727.1428571428571
602000,6573000,
604000,6418000,241.42857142857144;48.57142857142857|257.1428571428571;14.285714285714285|51.42857142857143;61.42857142857143
605000,6450000,32.857142857142854;697.1428571428572|742.8571428571429;520.0
606000,6520000,127.14285714285714;287.14285714285717
607000,6484000,821.4285714285714;782.8571428571428
608000,6514000,
609000,6564000,
610000,6564000,
612000,6501000,822.8571428571429;217.14285714285714
613000,6554000,
614000,6613000,
616000,6544000,352.8571428571429;232.85714285714283
617000,6524000,
618000,6568000,450.0;430.0|68.57142857142857;171.42857142857142
619000,6578000,244.28571428571428;804.2857142857142|308.57142857142856;682.8571428571428|625.7142857142857;378.57142857142856
622000,6410000,
623000,6454000,
624000,6548000,810.0;252.85714285714283
625000,6586000,
626000,6552000,481.42857142857144;342.85714285714283|540.0;318.57142857142856|567.1428571428572;315.7142857142857|498.57142857142856;417.14285714285717|604.2857142857143;58.57142857142857
627000,6602000,644.2857142857142;185.71428571428572
629000,6487000,
630000,6458000,605.7142857142858;992.8571428571429|255.71428571428572;865.7142857142858|861.4285714285714;615.7142857142858|974.2857142857143;452.85714285714283
631000,6536000,
632000,6533000,
633000,6546000,372.85714285714283;192.85714285714286
634000,6572000,960.0;812.8571428571429|948.5714285714287;821.4285714285714|154.28571428571428;965.7142857142858|205.71428571428572;502.8571428571429|194.28571428571428;160.0|915.7142857142857;277.1428571428571
636000,6444000,382.85714285714283;588.5714285714286
637000,6420000,
638000,6475000,
639000,6465000,720.0;962.8571428571429|945.7142857142858;310.0|902.8571428571428;185.71428571428572
640000,6529000,
641000,6508000,62.85714285714286;45.714285714285715|48.57142857142857;60.0|12.857142857142858;71.42857142857143|30.0;121.42857142857143|424.2857142857143;275.71428571428567|774.2857142857142;461.4285714285714|930.0;521.4285714285714|904.2857142857142;435.7142857142857|340.0;837.1428571428572
643000,6410000,
644000,6525000,
646000,6399000,535.7142857142857;357.14285714285717|532.8571428571428;698.5714285714287
646000,6558000,
647000,6521000,
648000,6530000,978.5714285714286;827.1428571428572|87.14285714285715;980.0
650000,6463000,232.85714285714283;744.2857142857143|192.85714285714286;804.2857142857142|797.1428571428571;677.1428571428571
651000,6517000,214.28571428571428;377.14285714285717
652000,6530000,52.85714285714286;90.0|498.57142857142856;10.0|760.0;327.1428571428571
653000,6528000,74.28571428571429;804.2857142857142|141.42857142857144;447.1428571428571
654000,6558000,
655000,6542000,
656000,6528000,135.7142857142857;590.0
657000,6594000,
659000,6382000,608.5714285714286;831.4285714285714|618.5714285714286;777.1428571428571
661000,6492000,890.0;295.7142857142857|978.5714285714286;458.57142857142856
662000,6506000,30.0;32.857142857142854|34.285714285714285;877.1428571428571
664000,6386000,268.57142857142856;821.4285714285714
665000,6493000,
666000,6553000,
668000,6427000,562.8571428571429;540.0|410.0;817.1428571428572|687.1428571428571;81.42857142857143|651.4285714285714;105.71428571428572
669000,6517000,905.7142857142857;240.0
670000,6485000,532.8571428571428;862.8571428571429
672000,6413000,
673000,6415000,
674000,6421000,
675000,6495000,222.85714285714286;520.0|701.4285714285714;765.7142857142857|152.85714285714286;962.8571428571429|155.71428571428572;421.42857142857144
676000,6562000,
680000,6420000,364.2857142857143;791.4285714285714|857.1428571428571;314.2857142857143
681000,6480000,
683000,6431000,835.7142857142858;690.0|188.57142857142858;268.57142857142856|182.85714285714286;151.42857142857144|184.28571428571428;64.28571428571428|22.857142857142858;515.7142857142857
684000,6510000,
686000,6436000,472.8571428571429;930.0|261.42857142857144;708.5714285714286
687000,6591000,260.0;735.7142857142858|370.0;675.7142857142857|352.8571428571429;682.8571428571428|34.285714285714285;572.8571428571429|128.57142857142856;800.0|150.0;944.2857142857143|832.8571428571429;440.0
689000,6400000,190.0;132.85714285714286|275.71428571428567;635.7142857142857|562.8571428571429;232.85714285714283
690000,6418000,92.85714285714286;290.0
691000,6551000,
692000,6585000,327.1428571428571;25.714285714285715|172.85714285714286;165.7142857142857|557.1428571428571;242.85714285714286|31.42857142857143;672.8571428571428|405.71428571428567;650.0|717.1428571428572;391.4285714285714|911.4285714285714;181.42857142857144|885.7142857142857;157.14285714285714|898.5714285714286;120.0|940.0;115.71428571428571|955.7142857142858;158.57142857142856|814.2857142857143;81.42857142857143|851.4285714285714;91.42857142857143|938.5714285714287;41.42857142857142|911.4285714285714;517.1428571428571|968.5714285714286;518.5714285714286|677.1428571428571;637.1428571428571|894.2857142857142;888.5714285714286|878.5714285714286;611.4285714285714|800.0;638.5714285714286|917.1428571428571;781.4285714285714|964.2857142857143;735.7142857142858|685.7142857142857;45.714285714285715|960.0;95.71428571428571|930.0;587.1428571428572|254.28571428571428;820.0
694000,6384000,382.85714285714283;951.4285714285714
695000,6404000,152.85714285714286;714.2857142857143|177.14285714285714;688.5714285714287|185.71428571428572;735.7142857142858|185.71428571428572;641.4285714285714|995.7142857142857;654.2857142857142|281.42857142857144;881.4285714285714|370.0;965.7142857142858|770.0;980.0|881.4285714285714;898.5714285714286
697000,6387000,602.8571428571429;501.42857142857144
700000,6418000,712.8571428571429;394.2857142857143|601.4285714285714;2.857142857142857
701000,6410000,325.7142857142857;572.8571428571429|240.0;512.8571428571429|908.5714285714286;600.0
702000,6547000,145.71428571428572;900.0|114.28571428571428;911.4285714285714|171.42857142857142;990.0|857.1428571428571;44.285714285714285
703000,6453000,55.714285714285715;891.4285714285714|2.857142857142857;830.0
707000,6479000,
711000,6405000,
370000,6471000,
376000,6472000,
381000,6433000,
386000,6477000,
389000,6467000,
392000,6427000,
393000,6471000,
399000,6449000,
403000,6525000,
405000,6541000,
408000,6510000,
410000,6450000,
412000,6459000,720.0;672.8571428571428|697.1428571428572;711.4285714285714|665.7142857142857;672.8571428571428|684.2857142857142;785.7142857142857|731.4285714285714;770.0|757.1428571428571;772.8571428571429|798.5714285714286;724.2857142857143|797.1428571428571;704.2857142857143|758.5714285714286;668.5714285714286|811.4285714285713;648.5714285714286|700.0;737.1428571428571|848.5714285714286;835.7142857142858|857.1428571428571;900.0|648.5714285714286;818.5714285714287|620.0;840.0|610.0;854.2857142857143|472.8571428571429;978.5714285714286|111.42857142857143;548.5714285714286|102.85714285714286;702.8571428571429|88.57142857142857;854.2857142857143|132.85714285714286;882.8571428571429|212.85714285714286;392.85714285714283|512.8571428571429;590.0|512.8571428571429;415.7142857142857|508.57142857142856;245.71428571428572|624.2857142857143;150.0|842.8571428571429;617.1428571428571|364.2857142857143;898.5714285714286|337.1428571428571;922.8571428571428|300.0;971.4285714285714|547.1428571428571;904.2857142857142|791.4285714285714;882.8571428571429
415000,6535000,188.57142857142858;374.2857142857143|265.7142857142857;495.7142857142857|321.42857142857144;737.1428571428571|351.42857142857144;904.2857142857142
417000,6520000,
420000,6458000,200.0;905.7142857142857
423000,6536000,95.71428571428571;778.5714285714286
426000,6461000,105.71428571428572;975.7142857142858|161.42857142857142;965.7142857142858
428000,6518000,561.4285714285713;617.1428571428571|598.5714285714286;714.2857142857143|472.8571428571429;738.5714285714286|610.0;738.5714285714286|531.4285714285714;540.0
431000,6529000,690.0;617.1428571428571|511.42857142857144;574.2857142857143|928.5714285714286;674.2857142857142
436000,6495000,
439000,6531000,984.2857142857143;152.85714285714286|70.0;10.0|960.0;51.42857142857143
443000,6484000,942.8571428571429;242.85714285714286|290.0;975.7142857142858|505.71428571428567;878.5714285714286|590.0;864.2857142857143|997.1428571428571;775.7142857142857|954.2857142857143;365.7142857142857|965.7142857142858;468.57142857142856|21.428571428571427;780.0|5.714285714285714;791.4285714285714
446000,6527000,
451000,6511000,
456000,6495000,950.0;231.42857142857142|887.1428571428571;280.0
462000,6539000,4.285714285714286;95.71428571428571
465000,6546000,
469000,6513000,
472000,6519000,
474000,6518000,
477000,6477000,
480000,6569000,
482000,6563000,827.1428571428572;362.8571428571429|794.2857142857142;345.7142857142857|818.5714285714287;330.0|628.5714285714286;320.0|460.0;290.0|832.8571428571429;198.57142857142856|758.5714285714286;211.42857142857144|345.7142857142857;264.2857142857143
484000,6540000,174.2857142857143;58.57142857142857|855.7142857142858;144.2857142857143|882.8571428571429;194.28571428571428|787.1428571428571;271.4285714285714|707.1428571428572;408.5714285714286|738.5714285714286;544.2857142857142|854.2857142857143;682.8571428571428|707.1428571428572;814.2857142857143|197.14285714285714;38.57142857142857|204.2857142857143;64.28571428571428
485000,6549000,
489000,6504000,218.57142857142858;475.7142857142857|270.0;648.5714285714286|540.0;301.42857142857144|607.1428571428571;294.2857142857143|757.1428571428571;264.2857142857143|750.0;371.42857142857144|820.0;634.2857142857142|798.5714285714286;608.5714285714286|904.2857142857142;342.85714285714283|804.2857142857142;102.85714285714286|811.4285714285713;128.57142857142856|642.8571428571429;904.2857142857142|684.2857142857142;924.2857142857142|648.5714285714286;961.4285714285714|382.85714285714283;865.7142857142858|757.1428571428571;795.7142857142857
492000,6508000,
494000,6527000,
496000,6580000,
498000,6540000,
500000,6508000,562.8571428571429;824.2857142857143|621.4285714285714;751.4285714285714|455.7142857142857;981.4285714285714|250.0;862.8571428571429
501000,6571000,212.85714285714286;500.0|402.85714285714283;621.4285714285714|741.4285714285714;484.2857142857143|891.4285714285714;407.14285714285717|808.5714285714286;242.85714285714286|270.0;71.42857142857143|242.85714285714286;181.42857142857144
503000,6468000,
504000,6531000,162.85714285714286;152.85714285714286|94.28571428571429;2.857142857142857|302.8571428571429;581.4285714285714|467.1428571428571;635.7142857142857|575.7142857142858;467.1428571428571|632.8571428571429;582.8571428571429|812.8571428571429;368.57142857142856|871.4285714285714;355.7142857142857
506000,6533000,662.8571428571428;397.1428571428571|690.0;305.7142857142857|698.5714285714287;254.28571428571428
508000,6580000,
510000,6530000,431.42857142857144;105.71428571428572|384.2857142857143;587.1428571428572|130.0;784.2857142857142|90.0;787.1428571428571|47.142857142857146;788.5714285714286|20.0;721.4285714285714|464.2857142857143;661.4285714285714|487.14285714285717;698.5714285714287|994.2857142857143;135.7142857142857
512000,6572000,
514000,6461000,831.4285714285714;82.85714285714285|852.8571428571429;40.0|305.7142857142857;581.4285714285714
517000,6480000,721.4285714285714;650.0|812.8571428571429;708.5714285714286|864.2857142857143;691.4285714285714
519000,6515000,
521000,6479000,205.71428571428572;234.28571428571428|732.8571428571429;395.7142857142857|231.42857142857142;242.85714285714286|610.0;357.14285714285717|834.2857142857143;182.85714285714286|250.0;22.857142857142858
523000,6523000,
525000,6414000,
526000,6538000,154.28571428571428;897.1428571428571|227.14285714285714;662.8571428571428
527000,6489000,
529000,6556000,
531000,6461000,
532000,6595000,
534000,6468000,321.42857142857144;84.28571428571428|621.4285714285714;118.57142857142858
535000,6456000,
537000,6432000,
538000,6565000,61.42857142857143;895.7142857142857|90.0;941.4285714285714|291.42857142857144;870.0|397.1428571428571;765.7142857142857|405.71428571428567;787.1428571428571|548.5714285714286;458.57142857142856|567.1428571428572;411.42857142857144|570.0;352.8571428571429|448.57142857142856;102.85714285714286|441.42857142857144;78.57142857142857|414.28571428571433;24.285714285714285|481.42857142857144;58.57142857142857|772.8571428571429;32.857142857142854|791.4285714285714;28.57142857142857|677.1428571428571;240.0|714.2857142857143;292.8571428571429|888.5714285714286;458.57142857142856|735.7142857142858;584.2857142857143|877.1428571428571;902.8571428571428|888.5714285714286;967.1428571428572|520.0;992.8571428571429|860.0;534.2857142857142|972.8571428571429;4.285714285714286
541000,6469000,578.5714285714287;940.0|790.0;912.8571428571428|45.714285714285715;974.2857142857143
542000,6538000,300.0;791.4285714285714|404.2857142857143;707.1428571428572|502.8571428571429;614.2857142857143|618.5714285714286;597.1428571428572|681.4285714285713;612.8571428571429|872.8571428571429;272.85714285714283|950.0;204.2857142857143|258.57142857142856;840.0
544000,6488000,450.0;154.28571428571428
545000,6577000,315.7142857142857;174.2857142857143|327.1428571428571;287.14285714285717|501.42857142857144;162.85714285714286|665.7142857142857;145.71428571428572|827.1428571428572;134.28571428571428
546000,6571000,898.5714285714286;397.1428571428571|920.0;351.42857142857144|531.4285714285714;152.85714285714286|102.85714285714286;220.0
549000,6443000,
550000,6507000,
551000,6598000,430.0;950.0|508.57142857142856;710.0|571.4285714285714;728.5714285714286|88.57142857142857;584.2857142857143
553000,6510000,
554000,6592000,480.0;278.57142857142856|87.14285714285715;292.8571428571429|100.0;380.0|105.71428571428572;477.14285714285717|64.28571428571428;125.71428571428572|52.85714285714286;37.142857142857146|365.7142857142857;95.71428571428571|520.0;654.2857142857142|718.5714285714286;677.1428571428571|867.1428571428571;337.1428571428571|818.5714285714287;237.14285714285717|912.8571428571428;428.57142857142856|984.2857142857143;157.14285714285714|937.1428571428571;595.7142857142858|961.4285714285714;625.7142857142857|627.1428571428571;918.5714285714286|600.0;967.1428571428572
556000,6490000,87.14285714285715;361.42857142857144|712.8571428571429;12.857142857142858
557000,6500000,324.2857142857143;314.2857142857143|327.1428571428571;287.14285714285717|420.0;71.42857142857143|320.0;594.2857142857143|115.71428571428571;635.7142857142857|344.28571428571433;971.4285714285714|504.28571428571433;368.57142857142856
558000,6539000,227.14285714285714;168.57142857142856
560000,6437000,
561000,6487000,
562000,6604000,
564000,6465000,497.14285714285717;262.85714285714283
565000,6559000,881.4285714285714;457.1428571428571|771.4285714285714;534.2857142857142|548.5714285714286;591.4285714285714|118.57142857142858;790.0|670.0;537.1428571428571
568000,6482000,
569000,6574000,908.5714285714286;555.7142857142857
570000,6584000,
571000,6520000,
572000,6453000,
573000,6584000,227.14285714285714;871.4285714285714|938.5714285714287;235.71428571428572|184.28571428571428;751.4285714285714
575000,6425000,
576000,6448000,140.0;611.4285714285714|351.42857142857144;717.1428571428572|387.1428571428571;751.4285714285714|595.7142857142858;908.5714285714286
577000,6433000,
578000,6467000,148.57142857142858;322.85714285714283|11.428571428571429;490.0
581000,6471000,431.42857142857144;405.71428571428567|457.1428571428571;327.1428571428571
582000,6548000,60.0;485.7142857142857
584000,6608000,647.1428571428571;604.2857142857143|607.1428571428571;628.5714285714286|588.5714285714286;682.8571428571428
586000,6445000,467.1428571428571;105.71428571428572
586000,6604000,328.57142857142856;460.0|405.71428571428567;34.285714285714285|555.7142857142857;364.2857142857143|674.2857142857142;602.8571428571429|398.57142857142856;600.0|548.5714285714286;858.5714285714286|695.7142857142858;704.2857142857143|744.2857142857143;925.7142857142857|607.1428571428571;975.7142857142858|657.1428571428571;957.1428571428572
588000,6498000,297.14285714285717;675.7142857142857
589000,6548000,
590000,6571000,251.42857142857144;712.8571428571429|177.14285714285714;847.1428571428572
591000,6549000,
593000,6531000,205.71428571428572;960.0|214.28571428571428;931.4285714285713|365.7142857142857;117.14285714285714|434.2857142857143;215.71428571428572|197.14285714285714;788.5714285714286|254.28571428571428;858.5714285714286|101.42857142857142;657.1428571428571|61.42857142857143;791.4285714285714
594000,6564000,
596000,6457000,807.1428571428571;535.7142857142857|992.8571428571429;762.8571428571429
598000,6441000,112.85714285714285;147.14285714285714|130.0;38.57142857142857|174.2857142857143;138.57142857142856
598000,6575000,
600000,6464000,601.4285714285714;972.8571428571429|795.7142857142857;820.0
601000,6533000,
602000,6584000,665.7142857142857;434.2857142857143
604000,6455000,572.8571428571429;60.0
605000,6456000,
606000,6536000,
607000,6523000,
608000,6569000,
609000,6590000,
610000,6570000,28.57142857142857;415.7142857142857|320.0;578.5714285714287|265.7142857142857;730.0|797.1428571428571;597.1428571428572|830.0;615.7142857142858|800.0;652.8571428571428|795.7142857142857;438.57142857142856|802.8571428571428;204.2857142857143|814.2857142857143;148.57142857142858|811.4285714285713;110.0|710.0;442.85714285714283|517.1428571428571;550.0|797.1428571428571;541.4285714285714|935.7142857142857;477.14285714285717|968.5714285714286;295.7142857142857|61.42857142857143;815.7142857142858|934.2857142857142;601.4285714285714|808.5714285714286;410.0|997.1428571428571;351.42857142857144
612000,6568000,505.71428571428567;365.7142857142857|991.4285714285714;637.1428571428571|250.0;52.85714285714286|380.0;98.57142857142857
613000,6579000,782.8571428571428;420.0|807.1428571428571;878.5714285714286
615000,6432000,24.285714285714285;834.2857142857143|688.5714285714287;787.1428571428571|261.42857142857144;420.0|305.7142857142857;332.85714285714283
616000,6557000,187.14285714285714;674.2857142857142|674.2857142857142;817.1428571428572|174.2857142857143;620.0|390.0;222.85714285714286|102.85714285714286;984.2857142857143|114.28571428571428;915.7142857142857
617000,6546000,
618000,6575000,102.85714285714286;12.857142857142858
620000,6454000,
622000,6428000,
623000,6490000,
624000,6555000,
625000,6600000,
626000,6572000,324.2857142857143;924.2857142857142|517.1428571428571;978.5714285714286|327.1428571428571;797.1428571428571
628000,6425000,311.42857142857144;832.8571428571429
629000,6563000,64.28571428571428;708.5714285714286|450.0;512.8571428571429
630000,6466000,507.1428571428571;11.428571428571429
631000,6580000,467.1428571428571;92.85714285714286|380.0;270.0|312.85714285714283;422.8571428571429|322.85714285714283;397.1428571428571|70.0;830.0|255.71428571428572;568.5714285714287
632000,6544000,945.7142857142858;677.1428571428571
633000,6604000,
634000,6586000,770.0;20.0|722.8571428571429;924.2857142857142|438.57142857142856;492.8571428571429|920.0;678.5714285714286|700.0;667.1428571428571|840.0;765.7142857142857|998.5714285714286;217.14285714285714|334.2857142857143;421.42857142857144
636000,6461000,328.57142857142856;522.8571428571429|497.14285714285717;365.7142857142857|331.4285714285714;902.8571428571428|364.2857142857143;970.0
637000,6448000,505.71428571428567;711.4285714285714|384.2857142857143;575.7142857142858|32.857142857142854;74.28571428571429|761.4285714285714;647.1428571428571
638000,6498000,734.2857142857143;5.714285714285714|101.42857142857142;222.85714285714286|252.85714285714283;665.7142857142857|31.42857142857143;474.28571428571433|234.28571428571428;90.0
639000,6475000,
640000,6561000,
641000,6521000,
643000,6415000,
644000,6562000,
646000,6425000,288.5714285714286;51.42857142857143|851.4285714285714;761.4285714285714|758.5714285714286;962.8571428571429|451.4285714285714;155.71428571428572
646000,6566000,14.285714285714285;800.0
647000,6529000,
648000,6555000,15.714285714285715;652.8571428571428
650000,6504000,960.0;84.28571428571428|818.5714285714287;194.28571428571428|754.2857142857143;115.71428571428571|997.1428571428571;314.2857142857143|944.2857142857143;498.57142857142856|780.0;721.4285714285714|667.1428571428571;567.1428571428572|842.8571428571429;625.7142857142857
651000,6527000,4.285714285714286;558.5714285714286
652000,6562000,502.8571428571429;565.7142857142858|187.14285714285714;691.4285714285714
653000,6538000,
654000,6567000,582.8571428571429;68.57142857142857|560.0;50.0|602.8571428571429;40.0
655000,6572000,
656000,6540000,
658000,6376000,180.0;132.85714285714286
659000,6400000,891.4285714285714;165.7142857142857|962.8571428571429;464.2857142857143|695.7142857142858;420.0
661000,6513000,465.71428571428567;181.42857142857144|522.8571428571429;184.28571428571428|858.5714285714286;175.71428571428572
662000,6536000,235.71428571428572;224.28571428571428|241.42857142857144;265.7142857142857|250.0;741.4285714285714|250.0;825.7142857142858|237.14285714285717;984.2857142857143
664000,6405000,694.2857142857143;860.0
665000,6519000,
666000,6580000,
668000,6460000,918.5714285714286;592.8571428571429
669000,6528000,320.0;130.0
670000,6489000,141.42857142857144;934.2857142857142|605.7142857142858;572.8571428571429|571.4285714285714;577.1428571428572
672000,6423000,722.8571428571429;57.14285714285714
673000,6428000,
674000,6455000,851.4285714285714;874.2857142857143
675000,6515000,221.42857142857142;415.7142857142857
677000,6432000,
680000,6426000,554.2857142857142;134.28571428571428|510.0;632.8571428571429|462.85714285714283;974.2857142857143|475.7142857142857;870.0
681000,6510000,
683000,6454000,
685000,6401000,644.2857142857142;294.2857142857143|345.7142857142857;272.85714285714283|94.28571428571429;152.85714285714286|347.14285714285717;142.85714285714286|377.14285714285717;618.5714285714286
686000,6453000,918.5714285714286;350.0|852.8571428571429;551.4285714285713|845.7142857142858;562.8571428571429
688000,6385000,
689000,6406000,
690000,6444000,57.14285714285714;210.0
691000,6559000,311.42857142857144;457.1428571428571|611.4285714285714;627.1428571428571
693000,6381000,911.4285714285714;705.7142857142858
694000,6400000,512.8571428571429;195.7142857142857|472.8571428571429;554.2857142857142|895.7142857142857;240.0
695000,6446000,191.42857142857142;310.0
697000,6414000,861.4285714285714;71.42857142857143|804.2857142857142;468.57142857142856|101.42857142857142;884.2857142857142
700000,6438000,280.0;612.8571428571429|42.857142857142854;135.7142857142857
701000,6422000,724.2857142857143;657.1428571428571
702000,6556000,
703000,6469000,
707000,6560000,
711000,6432000,811.4285714285713;51.42857142857143|82.85714285714285;872.8571428571429|61.42857142857143;844.2857142857143
371000,6470000,
377000,6456000,
382000,6458000,367.14285714285717;272.85714285714283
387000,6432000,
389000,6482000,
392000,6444000,
393000,6482000,
399000,6470000,
403000,6535000,461.4285714285714;685.7142857142857
406000,6480000,320.0;861.4285714285714
408000,6530000,251.42857142857144;388.57142857142856|35.714285714285715;144.2857142857143|324.2857142857143;57.14285714285714|271.4285714285714;411.42857142857144
410000,6474000,928.5714285714286;904.2857142857142|891.4285714285714;821.4285714285714
412000,6502000,
416000,6499000,478.5714285714286;620.0|375.7142857142857;817.1428571428572|365.7142857142857;871.4285714285714
418000,6537000,
420000,6519000,
424000,6461000,
426000,6475000,270.0;698.5714285714287|478.5714285714286;225.7142857142857
428000,6541000,488.57142857142856;577.1428571428572|507.1428571428571;547.1428571428571|434.2857142857143;552.8571428571428|357.14285714285717;537.1428571428571|294.2857142857143;368.57142857142856|84.28571428571428;381.42857142857144|188.57142857142858;650.0|91.42857142857143;817.1428571428572|164.28571428571428;831.4285714285714|307.14285714285717;722.8571428571429|574.2857142857143;657.1428571428571|845.7142857142858;725.7142857142858|720.0;924.2857142857142|415.7142857142857;895.7142857142857|427.14285714285717;832.8571428571429|245.71428571428572;705.7142857142858|230.0;342.85714285714283|107.14285714285714;910.0|522.8571428571429;922.8571428571428|608.5714285714286;944.2857142857143|641.4285714285714;962.8571428571429|622.8571428571429;975.7142857142858|264.2857142857143;384.2857142857143|75.71428571428572;868.5714285714286
432000,6517000,454.2857142857143;502.8571428571429|382.85714285714283;580.0|264.2857142857143;795.7142857142857|332.85714285714283;797.1428571428571|441.42857142857144;768.5714285714286|548.5714285714286;722.8571428571429|510.0;732.8571428571429|577.1428571428572;701.4285714285714|528.5714285714286;678.5714285714286|917.1428571428571;548.5714285714286|558.5714285714286;604.2857142857143
436000,6543000,
440000,6528000,101.42857142857142;565.7142857142858
443000,6534000,
447000,6480000,
452000,6480000,
457000,6498000,240.0;431.42857142857144
463000,6483000,
466000,6493000,
469000,6526000,888.5714285714286;252.85714285714283|725.7142857142858;468.57142857142856
472000,6538000,337.1428571428571;397.1428571428571|362.8571428571429;764.2857142857142|278.57142857142856;140.0
474000,6550000,191.42857142857142;948.5714285714287
477000,6490000,
481000,6471000,
483000,6467000,
485000,6465000,
485000,6570000,624.2857142857143;850.0|608.5714285714286;860.0|628.5714285714286;877.1428571428571|442.85714285714283;970.0|71.42857142857143;844.2857142857143|38.57142857142857;955.7142857142858|70.0;992.8571428571429|514.2857142857142;785.7142857142857
489000,6517000,
492000,6525000,
495000,6437000,
497000,6506000,
498000,6553000,
500000,6551000,144.2857142857143;937.1428571428571|318.57142857142856;817.1428571428572
502000,6458000,
503000,6514000,
504000,6575000,
507000,6465000,350.0;290.0|22.857142857142858;390.0
509000,6503000,
511000,6527000,
513000,6446000,
514000,6485000,
517000,6494000,
519000,6540000,365.7142857142857;498.57142857142856
521000,6500000,
523000,6558000,
525000,6502000,541.4285714285714;157.14285714285714|392.85714285714283;474.28571428571433|11.428571428571429;872.8571428571429|437.14285714285717;671.4285714285713
526000,6567000,892.8571428571429;875.7142857142857|924.2857142857142;844.2857142857143
527000,6566000,131.42857142857142;314.2857142857143|264.2857142857143;212.85714285714286|492.8571428571429;40.0|784.2857142857142;161.42857142857142|790.0;145.71428571428572|767.1428571428571;198.57142857142856|742.8571428571429;272.85714285714283|724.2857142857143;321.42857142857144|580.0;702.8571428571429
529000,6580000,61.42857142857143;11.428571428571429|277.1428571428571;198.57142857142856|850.0;702.8571428571429|785.7142857142857;238.57142857142858|618.5714285714286;451.4285714285714|770.0;234.28571428571428|971.4285714285714;800.0|321.42857142857144;222.85714285714286
531000,6490000,7.142857142857142;670.0
533000,6426000,
534000,6530000,
535000,6529000,
537000,6544000,460.0;438.57142857142856|930.0;380.0
539000,6431000,
541000,6535000,
542000,6567000,848.5714285714286;431.42857142857144|808.5714285714286;378.57142857142856|824.2857142857143;434.2857142857143|758.5714285714286;295.7142857142857|910.0;848.5714285714286
544000,6504000,54.285714285714285;561.4285714285713|111.42857142857143;384.2857142857143|48.57142857142857;365.7142857142857|75.71428571428572;478.5714285714286|274.2857142857143;192.85714285714286|155.71428571428572;112.85714285714285|120.0;92.85714285714286|94.28571428571429;134.28571428571428|471.42857142857144;32.857142857142854|495.7142857142857;18.571428571428573|782.8571428571428;21.428571428571427|211.42857142857144;34.285714285714285
546000,6464000,842.8571428571429;15.714285714285715
546000,6578000,798.5714285714286;778.5714285714286|662.8571428571428;564.2857142857143|264.2857142857143;918.5714285714286|52.85714285714286;680.0|168.57142857142856;128.57142857142856|328.57142857142856;980.0|931.4285714285713;730.0
549000,6479000,292.8571428571429;837.1428571428572|621.4285714285714;877.1428571428571
550000,6549000,
552000,6435000,
553000,6545000,314.2857142857143;575.7142857142858|975.7142857142858;897.1428571428571|477.14285714285717;784.2857142857142
555000,6460000,602.8571428571429;628.5714285714286
556000,6503000,
557000,6511000,602.8571428571429;692.8571428571429|748.5714285714286;817.1428571428572
558000,6572000,
560000,6495000,612.8571428571429;330.0|887.1428571428571;261.42857142857144
562000,6477000,
563000,6503000,548.5714285714286;22.857142857142858
564000,6495000,
565000,6579000,458.57142857142856;970.0|174.2857142857143;78.57142857142857|438.57142857142856;18.571428571428573|202.85714285714283;337.1428571428571
568000,6545000,
569000,6590000,28.57142857142857;485.7142857142857
570000,6607000,
571000,6535000,
572000,6482000,722.8571428571429;21.428571428571427
574000,6426000,
575000,6448000,601.4285714285714;304.2857142857143|678.5714285714286;355.7142857142857|855.7142857142858;464.2857142857143|322.85714285714283;138.57142857142856
576000,6478000,
577000,6455000,
578000,6498000,
581000,6495000,
583000,6464000,
585000,6480000,145.71428571428572;745.7142857142857
586000,6457000,
587000,6431000,
588000,6571000,
589000,6566000,432.8571428571429;671.4285714285713|501.42857142857144;714.2857142857143
590000,6598000,751.4285714285714;628.5714285714286
591000,6613000,
593000,6563000,65.71428571428571;182.85714285714286|78.57142857142857;294.2857142857143|564.2857142857143;907.1428571428571|812.8571428571429;548.5714285714286
595000,6428000,
596000,6520000,
598000,6457000,542.8571428571428;704.2857142857143
598000,6618000,
600000,6511000,
601000,6602000,551.4285714285713;805.7142857142857|640.0;862.8571428571429|745.7142857142857;924.2857142857142|37.142857142857146;61.42857142857143|77.14285714285714;45.714285714285715|265.7142857142857;512.8571428571429|454.2857142857143;405.71428571428567|527.1428571428571;402.85714285714283|528.5714285714286;448.57142857142856|455.7142857142857;445.7142857142857|212.85714285714286;421.42857142857144
603000,6422000,
604000,6488000,728.5714285714286;411.42857142857144
605000,6542000,275.71428571428567;230.0|412.8571428571429;167.14285714285714|974.2857142857143;365.7142857142857|230.0;252.85714285714283
606000,6577000,370.0;275.71428571428567
607000,6564000,945.7142857142858;994.2857142857143|885.7142857142857;881.4285714285714|711.4285714285714;501.42857142857144|454.2857142857143;135.7142857142857|745.7142857142857;785.7142857142857|774.2857142857142;797.1428571428571|841.4285714285714;782.8571428571428|800.0;690.0
608000,6591000,368.57142857142856;261.42857142857144|390.0;202.85714285714283|675.7142857142857;810.0
609000,6603000,
610000,6592000,411.42857142857144;408.5714285714286|431.42857142857144;395.7142857142857|427.14285714285717;422.8571428571429|252.85714285714283;810.0|277.1428571428571;795.7142857142857|227.14285714285714;820.0|287.14285714285717;878.5714285714286|8.571428571428571;678.5714285714286|778.5714285714286;530.0|611.4285714285714;795.7142857142857|732.8571428571429;752.8571428571429|335.71428571428567;958.5714285714286|318.57142857142856;971.4285714285714|770.0;494.2857142857143|401.4285714285714;564.2857142857143|217.14285714285714;364.2857142857143|357.14285714285717;610.0
612000,6612000,
614000,6431000,97.14285714285714;944.2857142857143|190.0;871.4285714285714|254.28571428571428;821.4285714285714|352.8571428571429;705.7142857142858|392.85714285714283;671.4285714285713|451.4285714285714;587.1428571428572|492.8571428571429;538.5714285714286|465.71428571428567;498.57142857142856|421.42857142857144;552.8571428571428|405.71428571428567;432.8571428571429|612.8571428571429;404.2857142857143|784.2857142857142;645.7142857142857|644.2857142857142;802.8571428571428|518.5714285714286;804.2857142857142|97.14285714285714;731.4285714285714|44.285714285714285;872.8571428571429
615000,6560000,
616000,6583000,184.28571428571428;237.14285714285717|145.71428571428572;190.0|242.85714285714286;211.42857142857144|268.57142857142856;240.0|320.0;274.2857142857143|340.0;324.2857142857143|294.2857142857143;434.2857142857143|337.1428571428571;394.2857142857143|272.85714285714283;461.4285714285714|197.14285714285714;517.1428571428571|250.0;594.2857142857143|57.14285714285714;334.2857142857143|4.285714285714286;337.1428571428571|37.142857142857146;372.85714285714283|95.71428571428571;734.2857142857143|20.0;798.5714285714286
617000,6572000,
618000,6610000,
620000,6603000,492.8571428571429;174.2857142857143|700.0;945.7142857142858
622000,6441000,245.71428571428572;678.5714285714286
623000,6538000,400.0;575.7142857142858|392.85714285714283;635.7142857142857|370.0;624.2857142857143|491.42857142857144;690.0
624000,6606000,
626000,6402000,
626000,6592000,867.1428571428571;295.7142857142857|924.2857142857142;365.7142857142857|671.4285714285713;808.5714285714286|440.0;941.4285714285714|807.1428571428571;454.2857142857143|768.5714285714286;198.57142857142856
628000,6479000,
629000,6577000,982.8571428571429;965.7142857142858|995.7142857142857;588.5714285714286
630000,6585000,570.0;485.7142857142857|184.28571428571428;117.14285714285714|2.857142857142857;410.0|398.57142857142856;320.0
631000,6602000,472.8571428571429;535.7142857142857|378.57142857142856;411.42857142857144|784.2857142857142;130.0|12.857142857142858;898.5714285714286|867.1428571428571;254.28571428571428
632000,6584000,211.42857142857144;541.4285714285714|225.7142857142857;557.1428571428571|462.85714285714283;861.4285714285714|321.42857142857144;481.42857142857144|857.1428571428571;217.14285714285714|928.5714285714286;192.85714285714286|784.2857142857142;242.85714285714286|77.14285714285714;367.14285714285717|100.0;395.7142857142857
634000,6422000,538.5714285714286;580.0|930.0;768.5714285714286|907.1428571428571;775.7142857142857|905.7142857142857;760.0|928.5714285714286;2.857142857142857
634000,6631000,
636000,6488000,852.8571428571429;680.0
637000,6478000,
638000,6534000,694.2857142857143;975.7142857142858
639000,6555000,
640000,6603000,
641000,6584000,785.7142857142857;547.1428571428571|628.5714285714286;590.0
643000,6442000,555.7142857142857;470.0|687.1428571428571;788.5714285714286|340.0;575.7142857142858|538.5714285714286;487.14285714285717|562.8571428571429;492.8571428571429|40.0;345.7142857142857
644000,6618000,
646000,6459000,815.7142857142858;641.4285714285714|515.7142857142857;47.142857142857146|420.0;610.0|424.2857142857143;4.285714285714286|4.285714285714286;657.1428571428571
646000,6586000,27.142857142857142;685.7142857142857|34.285714285714285;701.4285714285714|87.14285714285715;845.7142857142858
647000,6544000,
649000,6486000,
650000,6538000,
651000,6541000,
652000,6585000,798.5714285714286;587.1428571428572
653000,6562000,110.0;292.8571428571429
654000,6588000,602.8571428571429;21.428571428571427
656000,6375000,
657000,6385000,304.2857142857143;641.4285714285714
658000,6418000,384.2857142857143;690.0|281.42857142857144;558.5714285714286
659000,6569000,
661000,6552000,192.85714285714286;661.4285714285714
662000,6569000,
664000,6509000,34.285714285714285;755.7142857142857|67.14285714285714;722.8571428571429|791.4285714285714;371.42857142857144
665000,6566000,877.1428571428571;874.2857142857143
667000,6418000,180.0;707.1428571428572|231.42857142857142;665.7142857142857|558.5714285714286;360.0|757.1428571428571;15.714285714285715|911.4285714285714;74.28571428571429|851.4285714285714;54.285714285714285|982.8571428571429;110.0
668000,6499000,364.2857142857143;14.285714285714285|731.4285714285714;761.4285714285714
670000,6391000,651.4285714285714;478.5714285714286|292.8571428571429;920.0
670000,6511000,792.8571428571428;762.8571428571429|731.4285714285714;641.4285714285714|550.0;72.85714285714286
672000,6475000,967.1428571428572;535.7142857142857|982.8571428571429;802.8571428571428|992.8571428571429;962.8571428571429
673000,6475000,575.7142857142858;750.0|891.4285714285714;647.1428571428571|177.14285714285714;61.42857142857143|727.1428571428571;685.7142857142857
674000,6496000,497.14285714285717;358.5714285714286
675000,6560000,
678000,6496000,144.2857142857143;831.4285714285714|92.85714285714286;315.7142857142857
680000,6435000,925.7142857142857;838.5714285714286|468.57142857142856;834.2857142857143|645.7142857142857;810.0|920.0;917.1428571428571
682000,6453000,535.7142857142857;521.4285714285714|805.7142857142857;811.4285714285713
683000,6470000,
685000,6436000,685.7142857142857;175.71428571428572|462.85714285714283;437.14285714285717|824.2857142857143;288.5714285714286
686000,6580000,
688000,6429000,
689000,6424000,
690000,6543000,
692000,6416000,975.7142857142858;672.8571428571428|847.1428571428572;397.1428571428571|887.1428571428571;344.28571428571433|758.5714285714286;201.42857142857142|652.8571428571428;40.0|385.7142857142857;262.85714285714283|657.1428571428571;947.1428571428572|937.1428571428571;468.57142857142856|897.1428571428571;495.7142857142857|928.5714285714286;567.1428571428572
693000,6404000,581.4285714285714;922.8571428571428|872.8571428571429;964.2857142857143|40.0;980.0|750.0;930.0|940.0;985.7142857142858|30.0;202.85714285714283
694000,6427000,
695000,6461000,
697000,6549000,
700000,6469000,
701000,6438000,
702000,6574000,600.0;692.8571428571429
704000,6406000,504.28571428571433;775.7142857142857|464.2857142857143;948.5714285714287|315.7142857142857;755.7142857142857
708000,6436000,
714000,6564000,
372000,6484000,
378000,6477000,
383000,6463000,835.7142857142858;372.85714285714283|795.7142857142857;330.0
387000,6465000,
390000,6437000,567.1428571428572;822.8571428571429|97.14285714285714;608.5714285714286
392000,6464000,
393000,6533000,
400000,6460000,
404000,6467000,891.4285714285714;258.57142857142856|848.5714285714286;161.42857142857142|952.8571428571429;195.7142857142857|592.8571428571429;120.0|908.5714285714286;302.8571428571429
406000,6525000,
409000,6446000,
410000,6502000,
412000,6523000,921.4285714285713;45.714285714285715
416000,6519000,
419000,6440000,
421000,6507000,
424000,6490000,72.85714285714286;394.2857142857143|91.42857142857143;404.2857142857143|58.57142857142857;421.42857142857144|38.57142857142857;594.2857142857143|358.5714285714286;658.5714285714286|365.7142857142857;438.57142857142856|888.5714285714286;515.7142857142857
426000,6522000,87.14285714285715;605.7142857142858|680.0;922.8571428571428|371.42857142857144;857.1428571428571
429000,6459000,
433000,6526000,830.0;797.1428571428571|590.0;324.2857142857143
437000,6522000,
441000,6465000,
444000,6501000,
447000,6524000,
452000,6493000,434.2857142857143;421.42857142857144|442.85714285714283;407.14285714285717|17.142857142857142;668.5714285714286|747.1428571428571;915.7142857142857|872.8571428571429;750.0|675.7142857142857;498.57142857142856
458000,6494000,697.1428571428572;148.57142857142858|87.14285714285715;695.7142857142858|94.28571428571429;735.7142857142858|81.42857142857143;991.4285714285714
463000,6529000,
466000,6514000,
470000,6545000,
472000,6565000,570.0;901.4285714285714|334.2857142857143;782.8571428571428|400.0;631.4285714285714|522.8571428571429;790.0|604.2857142857143;982.8571428571429
475000,6512000,
477000,6497000,447.1428571428571;868.5714285714286|681.4285714285713;712.8571428571429
481000,6484000,
483000,6487000,272.85714285714283;680.0|270.0;320.0|100.0;888.5714285714286
485000,6476000,760.0;324.2857142857143|651.4285714285714;428.57142857142856|628.5714285714286;407.14285714285717|572.8571428571429;351.42857142857144|277.1428571428571;37.142857142857146|31.42857142857143;181.42857142857144|700.0;511.42857142857144|388.57142857142856;151.42857142857144|697.1428571428572;248.57142857142858|982.8571428571429;170.0|655.7142857142857;208.57142857142858
486000,6496000,
489000,6552000,
492000,6559000,
495000,6525000,
497000,6543000,
498000,6568000,950.0;570.0|448.57142857142856;35.714285714285715|302.8571428571429;297.14285714285717|331.4285714285714;811.4285714285713
501000,6442000,
502000,6468000,852.8571428571429;872.8571428571429
503000,6530000,695.7142857142858;938.5714285714287
505000,6486000,
507000,6525000,590.0;82.85714285714285
509000,6539000,
511000,6563000,
513000,6483000,
514000,6518000,
517000,6510000,455.7142857142857;768.5714285714286|751.4285714285714;897.1428571428571|60.0;517.1428571428571|142.85714285714286;450.0|262.85714285714283;375.7142857142857
519000,6558000,908.5714285714286;377.14285714285717|895.7142857142857;148.57142857142858|370.0;311.42857142857144
521000,6526000,725.7142857142858;872.8571428571429
524000,6483000,435.7142857142857;701.4285714285714|412.8571428571429;232.85714285714283|432.8571428571429;515.7142857142857
525000,6543000,667.1428571428571;775.7142857142857|628.5714285714286;642.8571428571429
526000,6590000,127.14285714285714;638.5714285714286|700.0;892.8571428571429|651.4285714285714;890.0|534.2857142857142;871.4285714285714|517.1428571428571;897.1428571428571|727.1428571428571;158.57142857142856|757.1428571428571;138.57142857142856|768.5714285714286;170.0|691.4285714285714;151.42857142857144|124.28571428571429;127.14285714285714
528000,6528000,
530000,6469000,
531000,6560000,
533000,6496000,202.85714285714283;704.2857142857143
534000,6555000,467.1428571428571;561.4285714285713|691.4285714285714;434.2857142857143|118.57142857142858;318.57142857142856|181.42857142857144;250.0|310.0;188.57142857142858|305.7142857142857;122.85714285714286
535000,6543000,
537000,6569000,155.71428571428572;628.5714285714286|134.28571428571428;587.1428571428572|98.57142857142857;542.8571428571428|88.57142857142857;530.0|47.142857142857146;470.0|7.142857142857142;404.2857142857143|154.28571428571428;300.0|198.57142857142856;361.42857142857144|211.42857142857144;378.57142857142856|241.42857142857144;421.42857142857144|271.4285714285714;492.8571428571429|311.42857142857144;521.4285714285714|367.14285714285717;435.7142857142857|112.85714285714285;237.14285714285717|71.42857142857143;174.2857142857143|11.428571428571429;101.42857142857142|62.85714285714286;665.7142857142857|438.57142857142856;807.1428571428571|370.0;767.1428571428571|300.0;718.5714285714286|535.7142857142857;658.5714285714286|562.8571428571429;610.0|617.1428571428571;528.5714285714286|801.4285714285713;261.42857142857144|878.5714285714286;414.28571428571433|860.0;524.2857142857142|824.2857142857143;298.5714285714286|845.7142857142858;331.4285714285714|940.0;150.0|152.85714285714286;288.5714285714286
539000,6526000,
541000,6550000,42.857142857142854;517.1428571428571|187.14285714285714;592.8571428571429
542000,6598000,
544000,6558000,152.85714285714286;392.85714285714283|25.714285714285715;680.0|100.0;624.2857142857143|195.7142857142857;594.2857142857143|732.8571428571429;240.0|300.0;884.2857142857142|18.571428571428573;494.2857142857143|30.0;482.8571428571429|81.42857142857143;728.5714285714286
546000,6483000,
546000,6587000,542.8571428571428;550.0|771.4285714285714;637.1428571428571|918.5714285714286;741.4285714285714|841.4285714285714;694.2857142857143|945.7142857142858;758.5714285714286|520.0;855.7142857142858|381.42857142857144;848.5714285714286|40.0;781.4285714285714|35.714285714285715;497.14285714285717|627.1428571428571;287.14285714285717|690.0;287.14285714285717|698.5714285714287;218.57142857142858|812.8571428571429;200.0|44.285714285714285;101.42857142857142|160.0;65.71428571428571|427.14285714285717;37.142857142857146|564.2857142857143;20.0|431.42857142857144;65.71428571428571|685.7142857142857;34.285714285714285|655.7142857142857;40.0|728.5714285714286;24.285714285714285|457.1428571428571;225.7142857142857|234.28571428571428;20.0|825.7142857142858;897.1428571428571
549000,6535000,815.7142857142858;220.0|61.42857142857143;305.7142857142857|27.142857142857142;294.2857142857143|32.857142857142854;330.0|17.142857142857142;352.8571428571429|302.8571428571429;48.57142857142857|544.2857142857142;487.14285714285717|505.71428571428567;414.28571428571433|254.28571428571428;830.0|335.71428571428567;831.4285714285714|250.0;992.8571428571429|232.85714285714283;772.8571428571429|220.0;132.85714285714286|952.8571428571429;408.5714285714286
550000,6596000,648.5714285714286;372.85714285714283|704.2857142857143;362.8571428571429|780.0;351.42857142857144|880.0;362.8571428571429|990.0;338.57142857142856|898.5714285714286;210.0|880.0;175.71428571428572|835.7142857142858;85.71428571428571|961.4285714285714;565.7142857142858|994.2857142857143;730.0|925.7142857142857;777.1428571428571|382.85714285714283;610.0|400.0;717.1428571428572|344.28571428571433;745.7142857142857
552000,6463000,955.7142857142858;841.4285714285714|847.1428571428572;241.42857142857144
553000,6592000,248.57142857142858;890.0|247.14285714285714;867.1428571428571|228.57142857142856;942.8571428571429|408.5714285714286;437.14285714285717|381.42857142857144;427.14285714285717|401.4285714285714;318.57142857142856|497.14285714285717;335.71428571428567|522.8571428571429;457.1428571428571|505.71428571428567;378.57142857142856|774.2857142857142;500.0|807.1428571428571;504.28571428571433|847.1428571428572;512.8571428571429|781.4285714285714;401.4285714285714|840.0;310.0|828.5714285714287;308.57142857142856|807.1428571428571;215.71428571428572|817.1428571428572;145.71428571428572|692.8571428571429;174.2857142857143|694.2857142857143;260.0|588.5714285714286;195.7142857142857|525.7142857142857;205.71428571428572|482.8571428571429;208.57142857142858|424.2857142857143;208.57142857142858|294.2857142857143;217.14285714285714|198.57142857142856;220.0|198.57142857142856;235.71428571428572|201.42857142857142;315.7142857142857|51.42857142857143;230.0|42.857142857142854;168.57142857142856|32.857142857142854;81.42857142857143|191.42857142857142;47.142857142857146|185.71428571428572;68.57142857142857|395.7142857142857;35.714285714285715|501.42857142857144;30.0|600.0;15.714285714285715|641.4285714285714;18.571428571428573|890.0;24.285714285714285|988.5714285714286;207.14285714285717|127.14285714285714;468.57142857142856|152.85714285714286;352.8571428571429|47.142857142857146;301.42857142857144|182.85714285714286;12.857142857142858|731.4285714285714;335.71428571428567|494.2857142857143;298.5714285714286|850.0;391.4285714285714
555000,6493000,11.428571428571429;431.42857142857144|7.142857142857142;468.57142857142856
556000,6540000,
557000,6572000,
559000,6427000,697.1428571428572;654.2857142857142|700.0;561.4285714285713|772.8571428571429;652.8571428571428|724.2857142857143;758.5714285714286
560000,6571000,
562000,6493000,882.8571428571429;67.14285714285714
563000,6528000,
564000,6508000,
566000,6471000,
568000,6606000,
570000,6430000,892.8571428571429;514.2857142857142
571000,6445000,
571000,6551000,444.2857142857143;520.0|237.14285714285717;334.2857142857143|80.0;411.42857142857144
572000,6496000,
574000,6443000,181.42857142857144;377.14285714285717|532.8571428571428;785.7142857142857|121.42857142857143;730.0
575000,6455000,690.0;390.0|151.42857142857144;764.2857142857142
576000,6504000,
577000,6481000,245.71428571428572;88.57142857142857
580000,6472000,411.42857142857144;985.7142857142858|47.142857142857146;540.0|988.5714285714286;608.5714285714286|997.1428571428571;594.2857142857143|714.2857142857143;732.8571428571429
581000,6541000,
583000,6504000,
585000,6492000,
586000,6473000,862.8571428571429;54.285714285714285|485.7142857142857;604.2857142857143
587000,6450000,
589000,6432000,997.1428571428571;942.8571428571429
589000,6581000,308.57142857142856;637.1428571428571|282.8571428571429;650.0|265.7142857142857;581.4285714285714
591000,6422000,765.7142857142857;304.2857142857143|782.8571428571428;282.8571428571429|765.7142857142857;277.1428571428571
592000,6475000,957.1428571428572;942.8571428571429
593000,6593000,
595000,6481000,301.42857142857144;684.2857142857142|295.7142857142857;614.2857142857143
596000,6555000,
598000,6477000,364.2857142857143;475.7142857142857|340.0;537.1428571428571|312.85714285714283;652.8571428571428|372.85714285714283;295.7142857142857|367.14285714285717;262.85714285714283|357.14285714285717;50.0|265.7142857142857;58.57142857142857|192.85714285714286;130.0|497.14285714285717;250.0|484.2857142857143;305.7142857142857|225.7142857142857;17.142857142857142|827.1428571428572;130.0
599000,6448000,
600000,6527000,57.14285714285714;441.42857142857144|87.14285714285715;121.42857142857143|80.0;302.8571428571429|465.71428571428567;31.42857142857143|521.4285714285714;268.57142857142856|487.14285714285717;128.57142857142856
602000,6440000,
603000,6437000,
604000,6526000,
605000,6574000,947.1428571428572;44.285714285714285
606000,6589000,480.0;52.85714285714286
607000,6578000,
608000,6614000,
610000,6418000,355.7142857142857;364.2857142857143|252.85714285714283;684.2857142857142
611000,6416000,391.4285714285714;331.4285714285714
613000,6423000,447.1428571428571;977.1428571428571|337.1428571428571;998.5714285714286
614000,6465000,
615000,6569000,954.2857142857143;220.0|965.7142857142858;231.42857142857142|532.8571428571428;104.28571428571429|540.0;62.85714285714286|435.7142857142857;35.714285714285715|424.2857142857143;75.71428571428572|334.2857142857143;55.714285714285715|254.28571428571428;34.285714285714285
616000,6612000,
618000,6419000,
619000,6436000,804.2857142857142;481.42857142857144
621000,6446000,
622000,6470000,
624000,6412000,
625000,6478000,
626000,6419000,
627000,6423000,
628000,6540000,237.14285714285717;228.57142857142856|307.14285714285717;110.0|344.28571428571433;40.0|552.8571428571428;97.14285714285714|584.2857142857143;108.57142857142857|585.7142857142858;87.14285714285715|614.2857142857143;130.0|677.1428571428571;205.71428571428572|808.5714285714286;222.85714285714286|807.1428571428571;105.71428571428572|827.1428571428572;41.42857142857142|802.8571428571428;31.42857142857143|977.1428571428571;112.85714285714285
629000,6593000,970.0;812.8571428571429
630000,6606000,
632000,6389000,454.2857142857143;134.28571428571428
633000,6406000,635.7142857142857;102.85714285714286
634000,6451000,42.857142857142854;141.42857142857144|14.285714285714285;115.71428571428571|200.0;145.71428571428572|362.8571428571429;84.28571428571428
635000,6396000,232.85714285714283;57.14285714285714|254.28571428571428;45.714285714285715|381.42857142857144;72.85714285714286|501.42857142857144;84.28571428571428|760.0;328.57142857142856|830.0;707.1428571428572|48.57142857142857;337.1428571428571
636000,6573000,32.857142857142854;210.0|924.2857142857142;118.57142857142858|980.0;112.85714285714285|448.57142857142856;730.0|944.2857142857143;452.85714285714283|445.7142857142857;701.4285714285714|917.1428571428571;32.857142857142854|480.0;720.0|942.8571428571429;388.57142857142856|25.714285714285715;235.71428571428572|937.1428571428571;261.42857142857144
637000,6499000,720.0;692.8571428571429
638000,6554000,815.7142857142858;48.57142857142857
639000,6579000,497.14285714285717;665.7142857142857
641000,6407000,650.0;464.2857142857143
642000,6401000,
643000,6481000,
645000,6460000,232.85714285714283;762.8571428571429|347.14285714285717;772.8571428571429|167.14285714285714;900.0|290.0;717.1428571428572|672.8571428571428;605.7142857142858|720.0;685.7142857142857|812.8571428571429;888.5714285714286|827.1428571428572;932.8571428571428|722.8571428571429;917.1428571428571|607.1428571428571;882.8571428571429|515.7142857142857;685.7142857142857|581.4285714285714;632.8571428571429|570.0;660.0
646000,6469000,
647000,6441000,65.71428571428571;805.7142857142857
647000,6563000,238.57142857142858;517.1428571428571|95.71428571428571;98.57142857142857|332.85714285714283;948.5714285714287|302.8571428571429;924.2857142857142|312.85714285714283;975.7142857142858|390.0;955.7142857142858|288.5714285714286;768.5714285714286
649000,6584000,182.85714285714286;738.5714285714286|594.2857142857143;682.8571428571428
650000,6562000,514.2857142857142;62.85714285714286|95.71428571428571;311.42857142857144|550.0;125.71428571428572|838.5714285714286;765.7142857142857|700.0;481.42857142857144|612.8571428571429;272.85714285714283|635.7142857142857;328.57142857142856|960.0;655.7142857142857|828.5714285714287;755.7142857142857
651000,6569000,547.1428571428571;737.1428571428571|591.4285714285714;732.8571428571429|595.7142857142858;765.7142857142857|580.0;562.8571428571429|605.7142857142858;864.2857142857143|550.0;768.5714285714286|600.0;832.8571428571429
653000,6434000,
654000,6375000,
655000,6379000,
656000,6405000,162.85714285714286;764.2857142857142
657000,6446000,97.14285714285714;130.0
658000,6472000,70.0;370.0|48.57142857142857;388.57142857142856|100.0;455.7142857142857|101.42857142857142;477.14285714285717|142.85714285714286;524.2857142857142|25.714285714285715;614.2857142857143|38.57142857142857;754.2857142857143|50.0;775.7142857142857|77.14285714285714;814.2857142857143|250.0;717.1428571428572|200.0;634.2857142857142|168.57142857142856;577.1428571428572|317.1428571428571;458.57142857142856|287.14285714285717;417.14285714285717|275.71428571428567;407.14285714285717|231.42857142857142;350.0|190.0;287.14285714285717|140.0;237.14285714285717|305.7142857142857;37.142857142857146|360.0;518.5714285714286|381.42857142857144;538.5714285714286|414.28571428571433;591.4285714285714|394.2857142857143;562.8571428571429|435.7142857142857;532.8571428571428|580.0;372.85714285714283|597.1428571428572;395.7142857142857|482.8571428571429;257.1428571428571|390.0;130.0|372.85714285714283;115.71428571428571|600.0;161.42857142857142|761.4285714285714;24.285714285714285|950.0;395.7142857142857|974.2857142857143;538.5714285714286|821.4285714285714;550.0|810.0;472.8571428571429|794.2857142857142;440.0|814.2857142857143;691.4285714285714|698.5714285714287;682.8571428571428|682.8571428571428;732.8571428571429|630.0;827.1428571428572|551.4285714285713;752.8571428571429|502.8571428571429;707.1428571428572|550.0;655.7142857142857|592.8571428571429;604.2857142857143|608.5714285714286;592.8571428571429|567.1428571428572;572.8571428571429|538.5714285714286;541.4285714285714|680.0;490.0|741.4285714285714;528.5714285714286|712.8571428571429;625.7142857142857|705.7142857142858;872.8571428571429|790.0;852.8571428571429|805.7142857142857;777.1428571428571|950.0;940.0|774.2857142857142;910.0|552.8571428571428;928.5714285714286|464.2857142857143;837.1428571428572|480.0;855.7142857142858|375.7142857142857;922.8571428571428|332.85714285714283;864.2857142857143|282.8571428571429;778.5714285714286|148.57142857142858;992.8571428571429|268.57142857142856;922.8571428571428|235.71428571428572;862.8571428571429|507.1428571428571;980.0|427.14285714285717;777.1428571428571|322.85714285714283;652.8571428571428|754.2857142857143;335.71428571428567|171.42857142857142;220.0|54.285714285714285;148.57142857142858|124.28571428571429;127.14285714285714|118.57142857142858;71.42857142857143|100.0;60.0|157.14285714285714;664.2857142857142|110.0;875.7142857142857
660000,6380000,950.0;231.42857142857142|838.5714285714286;137.14285714285714|890.0;97.14285714285714|947.1428571428572;44.285714285714285|997.1428571428571;108.57142857142857|978.5714285714286;198.57142857142856|811.4285714285713;82.85714285714285|802.8571428571428;48.57142857142857
661000,6578000,180.0;130.0
663000,6383000,
664000,6540000,661.4285714285714;747.1428571428571
666000,6437000,
667000,6445000,
668000,6568000,350.0;857.1428571428571
670000,6408000,
670000,6527000,200.0;412.8571428571429|125.71428571428572;401.4285714285714|108.57142857142857;402.85714285714283|32.857142857142854;392.85714285714283|44.285714285714285;188.57142857142858|132.85714285714286;192.85714285714286|218.57142857142858;202.85714285714283|225.7142857142857;62.85714285714286|50.0;58.57142857142857|97.14285714285714;552.8571428571428|197.14285714285714;558.5714285714286|175.71428571428572;758.5714285714286|75.71428571428572;742.8571428571429|75.71428571428572;707.1428571428572|17.142857142857142;957.1428571428572
672000,6506000,841.4285714285714;537.1428571428571|837.1428571428572;585.7142857142858
673000,6503000,512.8571428571429;561.4285714285713|580.0;668.5714285714286|271.4285714285714;17.142857142857142
674000,6558000,
675000,6584000,
678000,6539000,
680000,6451000,980.0;42.857142857142854|725.7142857142858;475.7142857142857|495.7142857142857;362.8571428571429|361.42857142857144;347.14285714285717|562.8571428571429;380.0|645.7142857142857;661.4285714285714
682000,6474000,
683000,6505000,54.285714285714285;17.142857142857142|552.8571428571428;67.14285714285714|704.2857142857143;65.71428571428571|740.0;598.5714285714286|154.28571428571428;395.7142857142857
685000,6474000,
687000,6391000,
688000,6461000,
689000,6442000,910.0;177.14285714285714
690000,6582000,765.7142857142857;145.71428571428572
692000,6428000,344.28571428571433;845.7142857142858|497.14285714285717;278.57142857142856|775.7142857142857;485.7142857142857
693000,6438000,145.71428571428572;838.5714285714286|804.2857142857142;515.7142857142857|121.42857142857143;835.7142857142858|355.7142857142857;675.7142857142857|357.14285714285717;780.0|205.71428571428572;744.2857142857143|611.4285714285714;958.5714285714286
694000,6449000,
695000,6559000,
698000,6414000,
700000,6546000,150.0;430.0|52.85714285714286;438.57142857142856|832.8571428571429;388.57142857142856|731.4285714285714;421.42857142857144|895.7142857142857;450.0|170.0;481.42857142857144
701000,6464000,
702000,6584000,850.0;205.71428571428572
704000,6476000,
709000,6560000,
717000,6558000,390.0;335.71428571428567|162.85714285714286;308.57142857142856|425.7142857142857;70.0
